{"model":{"version":3,"nodes":[{"name":"RootNode","position":[0,0,0],"rotation":[0,0,0],"scale":[1,1,1],"scaleCompensation":false},{"name":"Body","position":[0.0230727,-0.0393745,-0.0171797],"rotation":[7.62939e-06,0,0],"scale":[0.004938,0.004938,0.004938],"scaleCompensation":false},{"name":"Eyelashes","position":[0.0282855,1.6856,0.0909002],"rotation":[7.62939e-06,0,0],"scale":[0.004938,0.004938,0.004938],"scaleCompensation":false},{"name":"Eyes","position":[0.0230727,-0.0393745,-0.0171797],"rotation":[7.62939e-06,0,0],"scale":[0.004938,0.004938,0.004938],"scaleCompensation":false},{"name":"Ch33_Pants002","position":[0.00599193,0,-0.0470537],"rotation":[7.62939e-06,0,0],"scale":[0.01,0.01,0.01],"scaleCompensation":false},{"name":"Ch33_Shoes001","position":[-0.00554586,0,-0.0477931],"rotation":[7.62939e-06,0,0],"scale":[0.01,0.01,0.01],"scaleCompensation":false},{"name":"Object001","position":[0.0230727,-0.0393745,-0.0171797],"rotation":[7.62939e-06,0,0],"scale":[0.004938,0.004938,0.004938],"scaleCompensation":false},{"name":"Hair","position":[0.0230727,-0.0393745,-0.0171797],"rotation":[7.62939e-06,0,0],"scale":[0.004938,0.004938,0.004938],"scaleCompensation":false},{"name":"mixamorig:Hips","position":[-0.000646938,0.555143,0.0111762],"rotation":[-9.70924,-7.84032,1.88212],"scale":[1,1,1],"scaleCompensation":false},{"name":"mixamorig:Spine","position":[1.86265e-09,0.1029,-0.00700001],"rotation":[16.284,0.391198,-3.47892],"scale":[1,1,1],"scaleCompensation":false},{"name":"mixamorig:Spine1","position":[0,0.1204,0],"rotation":[2.25586,-0.0730021,-0.385949],"scale":[1,1,1],"scaleCompensation":false},{"name":"mixamorig:Spine2","position":[0,0.1375,2.23517e-08],"rotation":[2.24732,-0.0660233,-0.407578],"scale":[1,1,1],"scaleCompensation":false},{"name":"mixamorig:Neck","position":[0,0.1547,2.98023e-08],"rotation":[5.34146,0.472971,0.115396],"scale":[1,1,1],"scaleCompensation":false},{"name":"mixamorig:Head","position":[0,0.0647,0.0172],"rotation":[-16.9193,3.97108,2.6503],"scale":[1,1,1],"scaleCompensation":false},{"name":"mixamorig:HeadTop_End","position":[0,0.2317,0.0618],"rotation":[-2.66804e-08,-3.66856e-08,1.06722e-07],"scale":[1,1,1],"scaleCompensation":false},{"name":"mixamorig:LeftShoulder","position":[0.0714,0.1321,-0.000699967],"rotation":[124.697,76.3531,8.29371],"scale":[1,1,1],"scaleCompensation":false},{"name":"mixamorig:LeftArm","position":[-2.98023e-08,0.1448,0],"rotation":[33.6927,-10.5614,18.1265],"scale":[1,1,1],"scaleCompensation":false},{"name":"mixamorig:LeftForeArm","position":[-2.23517e-08,0.2693,-5.96046e-08],"rotation":[2.91556,-1.66979,56.9499],"scale":[1,1,1],"scaleCompensation":false},{"name":"mixamorig:LeftHand","position":[-5.96046e-08,0.2704,-5.96046e-08],"rotation":[-14.8485,26.3557,-1.18189],"scale":[1,1,1],"scaleCompensation":false},{"name":"mixamorig:LeftHandThumb1","position":[-0.0344,0.0427,0.0209],"rotation":[28.5421,8.87582,34.4617],"scale":[1,1,1],"scaleCompensation":false},{"name":"mixamorig:LeftHandThumb2","position":[-0.00180003,0.0469,0],"rotation":[12.7406,2.37777,-24.2152],"scale":[1,1,1],"scaleCompensation":false},{"name":"mixamorig:LeftHandThumb3","position":[0,0.0394,-2.38419e-07],"rotation":[-1.53516,4.69107,2.22857],"scale":[1,1,1],"scaleCompensation":false},{"name":"mixamorig:LeftHandThumb4","position":[0.00180002,0.0308,0],"rotation":[-1.70755e-06,8.53774e-07,-3.41509e-06],"scale":[1,1,1],"scaleCompensation":false},{"name":"mixamorig:LeftHandIndex1","position":[-0.0333,0.1195,0.00429994],"rotation":[53.8192,1.64666,-3.74036],"scale":[1,1,1],"scaleCompensation":false},{"name":"mixamorig:LeftHandIndex2","position":[0.000100017,0.0365,0],"rotation":[32.8295,1.21039,-4.24657],"scale":[1,1,1],"scaleCompensation":false},{"name":"mixamorig:LeftHandIndex3","position":[-5.96046e-08,0.0344,1.19209e-07],"rotation":[13.02,0.186111,-1.69044],"scale":[1,1,1],"scaleCompensation":false},{"name":"mixamorig:LeftHandIndex4","position":[2.98023e-08,0.0302,7.45058e-08],"rotation":[1.70755e-06,-0,0],"scale":[1,1,1],"scaleCompensation":false},{"name":"mixamorig:LeftHandMiddle1","position":[-0.00969996,0.1459,-0.00250006],"rotation":[43.4275,-0.194352,-1.36371],"scale":[1,1,1],"scaleCompensation":false},{"name":"mixamorig:LeftHandMiddle2","position":[1.49012e-08,0.0279999,1.19209e-07],"rotation":[31.4151,1.08972,-3.87821],"scale":[1,1,1],"scaleCompensation":false},{"name":"mixamorig:LeftHandMiddle3","position":[1.49012e-08,0.0275,0],"rotation":[20.8291,0.484331,-2.63446],"scale":[1,1,1],"scaleCompensation":false},{"name":"mixamorig:LeftHandMiddle4","position":[-7.45058e-08,0.0223999,-5.96046e-08],"rotation":[0,0,0],"scale":[1,1,1],"scaleCompensation":false},{"name":"mixamorig:LeftHandRing1","position":[0.00880001,0.152,-0.000200033],"rotation":[36.8908,2.51223,-4.44623],"scale":[1,1,1],"scaleCompensation":false},{"name":"mixamorig:LeftHandRing2","position":[4.47035e-08,0.0211,0],"rotation":[21.598,0.514075,-2.73019],"scale":[1,1,1],"scaleCompensation":false},{"name":"mixamorig:LeftHandRing3","position":[2.98023e-08,0.019,-5.96046e-08],"rotation":[18.7771,0.390061,-2.38886],"scale":[1,1,1],"scaleCompensation":false},{"name":"mixamorig:LeftHandRing4","position":[0,0.0158,0],"rotation":[0,-0,-1.70755e-06],"scale":[1,1,1],"scaleCompensation":false},{"name":"mixamorig:LeftHandPinky1","position":[0.0341,0.1088,0.00150001],"rotation":[26.4998,1.87855,-4.2851],"scale":[1,1,1],"scaleCompensation":false},{"name":"mixamorig:LeftHandPinky2","position":[2.98023e-08,0.026,5.96046e-08],"rotation":[15.6018,0.267956,-2.01524],"scale":[1,1,1],"scaleCompensation":false},{"name":"mixamorig:LeftHandPinky3","position":[5.96046e-08,0.0211,0],"rotation":[24.6061,0.675325,-3.1227],"scale":[1,1,1],"scaleCompensation":false},{"name":"mixamorig:LeftHandPinky4","position":[0,0.0182,1.19209e-07],"rotation":[-1.06722e-07,-2.66804e-08,0],"scale":[1,1,1],"scaleCompensation":false},{"name":"mixamorig:RightShoulder","position":[-0.0714,0.1322,-0.00239998],"rotation":[127.971,-75.1937,-6.86221],"scale":[1,1,1],"scaleCompensation":false},{"name":"mixamorig:RightArm","position":[-1.49012e-08,0.1448,0],"rotation":[27.1393,11.2631,-34.9858],"scale":[1,1,1],"scaleCompensation":false},{"name":"mixamorig:RightForeArm","position":[-1.49012e-08,0.2694,-5.96046e-08],"rotation":[2.30256,0.910883,-37.6023],"scale":[1,1,1],"scaleCompensation":false},{"name":"mixamorig:RightHand","position":[-5.96046e-08,0.2703,1.19209e-07],"rotation":[0.912354,-27.6365,-2.35828],"scale":[1,1,1],"scaleCompensation":false},{"name":"mixamorig:RightHandThumb1","position":[0.0307,0.0266,0.0201],"rotation":[12.7643,-16.9009,-35.2037],"scale":[1,1,1],"scaleCompensation":false},{"name":"mixamorig:RightHandThumb2","position":[0.00240004,0.0362,-1.19209e-07],"rotation":[22.4952,-1.3377,15.7213],"scale":[1,1,1],"scaleCompensation":false},{"name":"mixamorig:RightHandThumb3","position":[-0.00140001,0.0394,0],"rotation":[16.3137,5.28959,7.691],"scale":[1,1,1],"scaleCompensation":false},{"name":"mixamorig:RightHandThumb4","position":[-0.001,0.0354,-5.96046e-08],"rotation":[0,-0,8.53773e-07],"scale":[1,1,1],"scaleCompensation":false},{"name":"mixamorig:RightHandIndex1","position":[0.0346,0.0932,0.00300002],"rotation":[48.8901,-1.13169,-0.145459],"scale":[1,1,1],"scaleCompensation":false},{"name":"mixamorig:RightHandIndex2","position":[9.99868e-05,0.0372,0],"rotation":[35.8164,-0.828708,2.43642],"scale":[1,1,1],"scaleCompensation":false},{"name":"mixamorig:RightHandIndex3","position":[-2.98023e-08,0.0336001,-1.49012e-08],"rotation":[18.1728,-0.16347,1.17958],"scale":[1,1,1],"scaleCompensation":false},{"name":"mixamorig:RightHandIndex4","position":[-0.000100031,0.0287,0],"rotation":[-1.70755e-06,-0,0],"scale":[1,1,1],"scaleCompensation":false},{"name":"mixamorig:RightHandMiddle1","position":[0.00909999,0.0954,-0.000999987],"rotation":[45.7054,0.695344,-1.96517],"scale":[1,1,1],"scaleCompensation":false},{"name":"mixamorig:RightHandMiddle2","position":[2.98023e-08,0.0373,0],"rotation":[26.7367,-0.471197,1.98239],"scale":[1,1,1],"scaleCompensation":false},{"name":"mixamorig:RightHandMiddle3","position":[0,0.0349,-5.96046e-08],"rotation":[5.45411,-0.0106837,0.418319],"scale":[1,1,1],"scaleCompensation":false},{"name":"mixamorig:RightHandMiddle4","position":[0,0.0305,0],"rotation":[-1.70755e-06,-0,1.70755e-06],"scale":[1,1,1],"scaleCompensation":false},{"name":"mixamorig:RightHandRing1","position":[-0.00920001,0.0993,-0.00100011],"rotation":[35.2259,0.316173,-2.13665],"scale":[1,1,1],"scaleCompensation":false},{"name":"mixamorig:RightHandRing2","position":[2.98023e-08,0.0312,5.96046e-08],"rotation":[20.7466,-0.28105,1.56392],"scale":[1,1,1],"scaleCompensation":false},{"name":"mixamorig:RightHandRing3","position":[-4.47035e-08,0.0294,-8.9407e-08],"rotation":[4.24515,-0.00640325,0.319846],"scale":[1,1,1],"scaleCompensation":false},{"name":"mixamorig:RightHandRing4","position":[-1.49012e-08,0.0249,5.96046e-08],"rotation":[4.26887e-07,-4.26887e-07,1.70755e-06],"scale":[1,1,1],"scaleCompensation":false},{"name":"mixamorig:RightHandPinky1","position":[-0.0346,0.0763,0.00310004],"rotation":[25.102,-1.93531,1.91706],"scale":[1,1,1],"scaleCompensation":false},{"name":"mixamorig:RightHandPinky2","position":[0,0.0318001,0],"rotation":[23.2422,-0.354554,1.7257],"scale":[1,1,1],"scaleCompensation":false},{"name":"mixamorig:RightHandPinky3","position":[2.98023e-08,0.025,0],"rotation":[12.6003,-0.103436,0.945946],"scale":[1,1,1],"scaleCompensation":false},{"name":"mixamorig:RightHandPinky4","position":[-2.98023e-08,0.0215001,0],"rotation":[4.26887e-07,2.13443e-07,0],"scale":[1,1,1],"scaleCompensation":false},{"name":"mixamorig:LeftUpLeg","position":[0.0817,-0.0566,0.0011],"rotation":[81.1398,-14.1154,-178.5],"scale":[1,1,1],"scaleCompensation":false},{"name":"mixamorig:LeftLeg","position":[7.45058e-09,0.4464,-2.98023e-08],"rotation":[-92.1431,-5.80694,-9.32071],"scale":[1,1,1],"scaleCompensation":false},{"name":"mixamorig:LeftFoot","position":[-3.72529e-08,0.4196,-8.9407e-08],"rotation":[62.7942,-5.41229,4.60875],"scale":[1,1,1],"scaleCompensation":false},{"name":"mixamorig:LeftToeBase","position":[0,0.1545,5.96046e-08],"rotation":[32.8759,-4.69566,-9.6373e-06],"scale":[1,1,1],"scaleCompensation":false},{"name":"mixamorig:LeftToe_End","position":[1.86265e-08,0.0699,-3.72529e-09],"rotation":[0,4.26887e-07,8.00413e-08],"scale":[1,1,1],"scaleCompensation":false},{"name":"mixamorig:RightUpLeg","position":[-0.0817,-0.0566,0.00209999],"rotation":[82.2914,8.49726,179.517],"scale":[1,1,1],"scaleCompensation":false},{"name":"mixamorig:RightLeg","position":[-2.23517e-08,0.4464,1.19209e-07],"rotation":[-95.7978,2.34584,-8.51651],"scale":[1,1,1],"scaleCompensation":false},{"name":"mixamorig:RightFoot","position":[2.6077e-08,0.4186,-2.98023e-08],"rotation":[67.5817,7.25236,-4.56624],"scale":[1,1,1],"scaleCompensation":false},{"name":"mixamorig:RightToeBase","position":[0,0.1604,0],"rotation":[31.9069,5.21057,0.0142679],"scale":[1,1,1],"scaleCompensation":false},{"name":"mixamorig:RightToe_End","position":[-1.49012e-08,0.0694,-3.72529e-09],"rotation":[4.26887e-07,-0,1.3607e-06],"scale":[1,1,1],"scaleCompensation":false}],"parents":[-1,0,0,0,0,0,0,0,0,8,9,10,11,12,13,11,15,16,17,18,19,20,21,18,23,24,25,18,27,28,29,18,31,32,33,18,35,36,37,11,39,40,41,42,43,44,45,42,47,48,49,42,51,52,53,42,55,56,57,42,59,60,61,8,63,64,65,66,8,68,69,70,71],"skins":[{"inverseBindMatrices":[[1,-5.91696e-16,5.15939e-16,0,5.55112e-16,0.997669,0.0682356,0,-5.55112e-16,-0.0682356,0.997669,0,0.0124823,-1.37343,-0.0483659,1],[-0.0107461,0.948754,-0.315833,0,-0.0679306,-0.315814,-0.946386,0,-0.997632,0.0112848,0.0678432,0,0.0478145,0.420124,1.44695,1],[-0.0397299,0.995473,-0.0863433,0,-0.0582493,-0.088572,-0.994365,0,-0.997511,-0.0344766,0.0615046,0,0.0393803,-0.067993,1.47159,1],[1,-5.55112e-16,5.55112e-16,0,5.55112e-16,1,9.60915e-15,0,-5.55112e-16,-9.60915e-15,1,0,0.0124823,-1.01331,0.0208268,1],[-0.999582,0.0289026,-1.46223e-11,0,-0.0288986,-0.999444,-0.0166367,0,-0.000480844,-0.0166297,0.999862,0,0.096847,0.953839,0.0356036,1],[-0.999582,-0.0289036,3.51345e-11,0,0.0289006,-0.999477,-0.0145204,0,0.000419693,-0.0145144,0.999895,0,-0.121805,0.953205,0.0325967,1],[-0.0343241,-0.948754,0.314146,0,0.0674852,-0.315814,-0.946418,0,0.99713,-0.0112848,0.0748668,0,-0.0477881,0.395174,1.45525,1],[-0.0489281,-0.995132,0.0855511,0,0.0626145,-0.0885413,-0.994103,0,0.996838,-0.0432828,0.0666419,0,-0.0439277,-0.0934978,1.47379,1],[-0.00880995,0.999888,0.0121145,0,-0.0609706,0.0115553,-0.998073,0,-0.998101,-0.00953159,0.060862,0,0.02889,-0.48157,1.43114,1],[-0.0898737,0.995674,0.0235584,0,0.0322891,0.0265546,-0.999126,0,-0.99543,-0.0890345,-0.034536,0,-0.0455585,-0.775609,1.41801,1],[-0.0605862,0.997677,-0.0311468,0,0.0330552,-0.0291816,-0.999027,0,-0.997616,-0.0615568,-0.0312104,0,-0.105612,-0.802735,1.46268,1],[0.519743,0.806501,-0.281822,0,0.0417504,-0.353461,-0.934517,0,-0.853302,0.473943,-0.217381,0,-0.495553,-0.111622,1.53746,1],[-0.0605862,0.997734,-0.0292482,0,0.0330552,-0.0272804,-0.999081,0,-0.997616,-0.0614973,-0.0313275,0,-0.105609,-0.831483,1.4611,1],[0.00662616,0.999032,-0.0434803,0,0.0347009,-0.0436848,-0.998443,0,-0.999376,0.00510703,-0.0349568,0,-0.124636,-0.816479,1.47856,1],[0.0218697,0.999529,-0.0215349,0,0.0350524,-0.0222934,-0.999137,0,-0.999146,0.021096,-0.0355234,0,-0.157621,-0.85089,1.4581,1],[-0.00545848,0.991805,0.127641,0,0.0344165,0.127753,-0.991209,0,-0.999393,-0.00101755,-0.0348318,0,-0.0878678,-1.03342,1.31312,1],[0.519743,0.774555,-0.360461,0,0.0417504,-0.44445,-0.89483,0,-0.853302,0.450032,-0.263338,0,-0.493763,-0.00517586,1.5456,1],[0.519743,0.806529,-0.281742,0,0.0417504,-0.353369,-0.934552,0,-0.853302,0.473964,-0.217334,0,-0.493746,-0.197896,1.53353,1],[-0.0605862,0.998149,-0.00525025,0,0.0330552,-0.00325068,-0.999448,0,-0.997616,-0.0607263,-0.0327971,0,-0.105606,-0.887452,1.44018,1],[-0.00545848,0.999148,-0.0409004,0,0.0344165,-0.0406891,-0.998579,0,-0.999393,-0.00685838,-0.0341651,0,-0.087927,-0.833938,1.47428,1],[-0.00545848,0.999985,-0.000134171,0,0.0344165,5.37708e-05,-0.999408,0,-0.999393,-0.00545987,-0.0344163,0,-0.0878842,-0.927756,1.43766,1],[0.00662616,0.999178,-0.0400048,0,0.0347009,-0.0402113,-0.998588,0,-0.999376,0.00522861,-0.0349388,0,-0.124617,-0.849657,1.47561,1],[0.00662616,0.995894,0.0902824,0,0.0347009,0.090001,-0.995337,0,-0.999376,0.00972814,-0.033962,0,-0.1246,-1.06164,1.349,1],[0.0218697,0.999502,0.0227702,0,0.0350524,0.0219951,-0.999143,0,-0.999146,0.0226491,-0.0345539,0,-0.157605,-0.935721,1.41804,1],[0.0218697,0.996266,0.0835256,0,0.0350524,0.0827302,-0.995955,0,-0.999146,0.024709,-0.0331122,0,-0.157605,-1.03925,1.35734,1],[-0.00735028,-0.9999,-0.012069,0,0.0662555,0.0115558,-0.997736,0,0.997776,-0.00813327,0.066164,0,-0.0287412,-0.50651,1.43119,1],[-0.0110206,-0.999852,-0.0131867,0,-0.00987258,0.0132956,-0.999863,0,0.999891,-0.0108889,-0.0100176,0,0.0810242,-0.875294,1.42915,1],[-0.135957,-0.990589,-0.0157785,0,-0.00780842,0.0169973,-0.999825,0,0.990684,-0.13581,-0.0100458,0,-0.0203935,-0.786849,1.42587,1],[0.600421,-0.72343,0.340799,0,-0.0175084,-0.437957,-0.898825,0,0.799492,0.533707,-0.275625,0,0.536123,0.0739269,1.53223,1],[0.600421,-0.693786,0.397688,0,-0.0175084,-0.508593,-0.860829,0,0.799492,0.509897,-0.317517,0,0.533682,0.160442,1.52428,1],[-0.0529518,-0.9953,-0.0810791,0,-0.00919743,0.0816757,-0.996617,0,0.998555,-0.052027,-0.0134791,0,0.0860741,-0.950195,1.36356,1],[-0.00717634,-0.998767,-0.0491245,0,-0.00993359,0.0491946,-0.99874,0,0.999925,-0.00667931,-0.0102744,0,0.103048,-0.927363,1.39667,1],[-0.0529518,-0.998586,0.0046129,0,-0.00919743,-0.00413149,-0.999949,0,0.998555,-0.0529916,-0.00896566,0,0.0860424,-0.861345,1.44278,1],[-0.00717634,-0.999516,0.0302799,0,-0.00993359,-0.0302079,-0.999494,0,0.999925,-0.0074735,-0.009712,0,0.103006,-0.844714,1.46833,1],[-0.0311525,-0.996535,-0.0771187,0,-0.00955064,0.0774494,-0.996951,0,0.999469,-0.0303209,-0.0119303,0,0.0377282,-0.966678,1.36613,1],[-0.0110206,-0.999227,-0.0377338,0,-0.00987258,0.037843,-0.999235,0,0.999891,-0.0106397,-0.010282,0,0.0810083,-0.947404,1.40631,1],[-0.0311525,-0.999453,0.0111122,0,-0.00955064,-0.0108194,-0.999896,0,0.999469,-0.0312553,-0.00920837,0,0.0376594,-0.879403,1.44937,1],[0.600421,-0.705125,0.377217,0,-0.0175084,-0.483186,-0.875343,0,0.799492,0.51897,-0.302461,0,0.535124,0.0764056,1.52717,1],[-0.0529518,-0.998383,0.0206545,0,-0.00919743,-0.0201951,-0.999754,0,0.998555,-0.0531288,-0.0081132,0,0.0860545,-0.863038,1.45683,1],[-0.0311525,-0.995547,0.0889747,0,-0.00955064,-0.0887174,-0.996011,0,0.999469,-0.031878,-0.00674434,0,0.0376683,-0.797298,1.51613,1],[-0.0110206,-0.996446,0.0835064,0,-0.00987258,-0.0833989,-0.996467,0,0.999891,-0.0118061,-0.00891839,0,0.0809786,-0.804876,1.51489,1],[-0.00717634,-0.997874,0.0647824,0,-0.00993359,-0.0647098,-0.997855,0,0.999925,-0.00780447,-0.00944809,0,0.103022,-0.822901,1.49764,1],[1,-5.55112e-16,5.55112e-16,0,5.55112e-16,1,9.60915e-15,0,-5.55112e-16,-9.60915e-15,1,0,0.0124823,-1.52791,0.0560225,1],[1,-5.55112e-16,5.55112e-16,0,5.55112e-16,1,9.60915e-15,0,-5.55112e-16,-9.60915e-15,1,0,0.0124823,-1.5926,0.0387778,1],[1,-5.91696e-16,5.15939e-16,0,5.55112e-16,0.997669,0.0682355,0,-5.55112e-16,-0.0682355,0.997669,0,0.0124823,-1.11553,-0.0483658,1],[1,-5.91696e-16,5.15939e-16,0,5.55112e-16,0.997669,0.0682356,0,-5.55112e-16,-0.0682356,0.997669,0,0.0124823,-1.23589,-0.0483659,1]],"boneNames":["mixamorig:Spine2","mixamorig:LeftShoulder","mixamorig:LeftArm","mixamorig:Hips","mixamorig:LeftUpLeg","mixamorig:RightUpLeg","mixamorig:RightShoulder","mixamorig:RightArm","mixamorig:LeftForeArm","mixamorig:LeftHand","mixamorig:LeftHandPinky1","mixamorig:LeftHandThumb1","mixamorig:LeftHandPinky2","mixamorig:LeftHandMiddle1","mixamorig:LeftHandRing1","mixamorig:LeftHandIndex1","mixamorig:LeftHandThumb2","mixamorig:LeftHandThumb3","mixamorig:LeftHandPinky3","mixamorig:LeftHandIndex2","mixamorig:LeftHandIndex3","mixamorig:LeftHandMiddle2","mixamorig:LeftHandMiddle3","mixamorig:LeftHandRing2","mixamorig:LeftHandRing3","mixamorig:RightForeArm","mixamorig:RightHandMiddle1","mixamorig:RightHand","mixamorig:RightHandThumb1","mixamorig:RightHandThumb2","mixamorig:RightHandPinky1","mixamorig:RightHandRing1","mixamorig:RightHandPinky2","mixamorig:RightHandRing2","mixamorig:RightHandIndex1","mixamorig:RightHandMiddle2","mixamorig:RightHandIndex2","mixamorig:RightHandThumb3","mixamorig:RightHandPinky3","mixamorig:RightHandIndex3","mixamorig:RightHandMiddle3","mixamorig:RightHandRing3","mixamorig:Neck","mixamorig:Head","mixamorig:Spine","mixamorig:Spine1"]},{"inverseBindMatrices":[[1,-5.55112e-16,5.55112e-16,0,5.55112e-16,1,9.60915e-15,0,-5.55112e-16,-9.60915e-15,1,0,0.0124823,-1.5926,0.0387778,1]],"boneNames":["mixamorig:Head"]},{"inverseBindMatrices":[[1,-5.55112e-16,5.55112e-16,0,5.55112e-16,1,9.60915e-15,0,-5.55112e-16,-9.60915e-15,1,0,0.0124823,-1.5926,0.0387778,1]],"boneNames":["mixamorig:Head"]},{"inverseBindMatrices":[[-0.999582,-0.0289036,3.51345e-11,0,0.0289006,-0.999477,-0.0145204,0,0.000419693,-0.0145144,0.999895,0,-0.121805,0.953205,0.0325967,1],[-0.999582,0.0289026,-1.46223e-11,0,-0.0288986,-0.999444,-0.0166367,0,-0.000480844,-0.0166297,0.999862,0,0.096847,0.953839,0.0356036,1],[1,-5.55112e-16,5.55112e-16,0,5.55112e-16,1,6.12323e-17,0,-5.55112e-16,-6.12323e-17,1,0,0.0124823,-1.01331,0.0208268,1],[-0.996099,-0.077402,-0.0423829,0,-0.00225578,-0.45779,0.889058,0,-0.0882173,0.885685,0.455829,0,-0.107758,0.0795352,-0.0636053,1],[-0.99997,0.00771208,0.000363333,0,-0.00771982,-0.998074,-0.061558,0,-0.000112107,-0.061559,0.998103,0,-0.103164,0.508823,0.0566046,1],[-0.988153,-0.135619,-0.0718473,0,-0.0828601,0.0773809,0.993552,0,-0.129185,0.987735,-0.0877016,0,-0.101546,-0.107274,-0.0195151,1],[-0.99997,-0.00769316,-0.000590574,0,0.00771473,-0.995625,-0.0931159,0,0.000128365,-0.0931176,0.995655,0,0.0782031,0.506405,0.0745831,1],[-0.99586,0.0803578,0.042496,0,-0.000806523,-0.475282,0.879833,0,0.0908991,0.876156,0.473379,0,0.084677,0.0957188,-0.0535956,1],[-0.98904,0.134726,0.0604096,0,0.0712125,0.0768593,0.994496,0,0.129341,0.987898,-0.085611,0,0.080006,-0.0821433,-0.0187626,1],[1,-5.91696e-16,5.15939e-16,0,5.55112e-16,0.997669,0.0682355,0,-5.55112e-16,-0.0682355,0.997669,0,0.0124823,-1.11553,-0.0483658,1]],"boneNames":["mixamorig:RightUpLeg","mixamorig:LeftUpLeg","mixamorig:Hips","mixamorig:RightFoot","mixamorig:RightLeg","mixamorig:RightToeBase","mixamorig:LeftLeg","mixamorig:LeftFoot","mixamorig:LeftToeBase","mixamorig:Spine"]},{"inverseBindMatrices":[[-0.996099,-0.077402,-0.0423829,0,-0.00225578,-0.45779,0.889058,0,-0.0882173,0.885685,0.455829,0,-0.107758,0.0795352,-0.0636053,1],[-0.99997,0.00771208,0.000363333,0,-0.00771982,-0.998074,-0.061558,0,-0.000112107,-0.061559,0.998103,0,-0.103164,0.508823,0.0566046,1],[-0.988153,-0.135619,-0.0718473,0,-0.0828601,0.0773809,0.993552,0,-0.129185,0.987735,-0.0877016,0,-0.101546,-0.107274,-0.0195151,1],[-0.999582,-0.0289036,3.51345e-11,0,0.0289006,-0.999477,-0.0145204,0,0.000419693,-0.0145144,0.999895,0,-0.121805,0.953205,0.0325967,1],[-0.99997,-0.00769316,-0.000590574,0,0.00771473,-0.995625,-0.0931159,0,0.000128365,-0.0931176,0.995655,0,0.0782031,0.506405,0.0745831,1],[-0.99586,0.0803578,0.042496,0,-0.000806523,-0.475282,0.879833,0,0.0908991,0.876156,0.473379,0,0.084677,0.0957188,-0.0535956,1],[-0.98904,0.134726,0.0604096,0,0.0712125,0.0768593,0.994496,0,0.129341,0.987898,-0.085611,0,0.080006,-0.0821433,-0.0187626,1],[-0.999582,0.0289026,-1.46223e-11,0,-0.0288986,-0.999444,-0.0166367,0,-0.000480844,-0.0166297,0.999862,0,0.096847,0.953839,0.0356036,1]],"boneNames":["mixamorig:RightFoot","mixamorig:RightLeg","mixamorig:RightToeBase","mixamorig:RightUpLeg","mixamorig:LeftLeg","mixamorig:LeftFoot","mixamorig:LeftToeBase","mixamorig:LeftUpLeg"]},{"inverseBindMatrices":[[-0.0343241,-0.948754,0.314146,0,0.0674852,-0.315814,-0.946418,0,0.99713,-0.0112848,0.0748668,0,-0.0477881,0.395174,1.45525,1],[-0.0489281,-0.995132,0.0855511,0,0.0626145,-0.0885413,-0.994103,0,0.996838,-0.0432828,0.0666419,0,-0.0439277,-0.0934978,1.47379,1],[-0.00735028,-0.9999,-0.012069,0,0.0662555,0.0115558,-0.997736,0,0.997776,-0.00813327,0.066164,0,-0.0287412,-0.50651,1.43119,1],[1,-5.91696e-16,5.15939e-16,0,5.55112e-16,0.997669,0.0682356,0,-5.55112e-16,-0.0682356,0.997669,0,0.0124823,-1.37343,-0.0483659,1],[-0.00880995,0.999888,0.0121145,0,-0.0609706,0.0115553,-0.998073,0,-0.998101,-0.00953159,0.060862,0,0.02889,-0.48157,1.43114,1],[-0.0107461,0.948754,-0.315833,0,-0.0679306,-0.315814,-0.946386,0,-0.997632,0.0112848,0.0678432,0,0.0478145,0.420124,1.44695,1],[-0.0397299,0.995473,-0.0863433,0,-0.0582493,-0.088572,-0.994365,0,-0.997511,-0.0344766,0.0615046,0,0.0393803,-0.067993,1.47159,1],[-0.999582,0.0289026,-1.46223e-11,0,-0.0288986,-0.999444,-0.0166367,0,-0.000480844,-0.0166297,0.999862,0,0.096847,0.953839,0.0356036,1],[1,-5.55112e-16,5.55112e-16,0,5.55112e-16,1,9.60915e-15,0,-5.55112e-16,-9.60915e-15,1,0,0.0124823,-1.01331,0.0208268,1],[1,-5.91696e-16,5.15939e-16,0,5.55112e-16,0.997669,0.0682355,0,-5.55112e-16,-0.0682355,0.997669,0,0.0124823,-1.11553,-0.0483658,1],[1,-5.91696e-16,5.15939e-16,0,5.55112e-16,0.997669,0.0682356,0,-5.55112e-16,-0.0682356,0.997669,0,0.0124823,-1.23589,-0.0483659,1],[-0.999582,-0.0289036,3.51345e-11,0,0.0289006,-0.999477,-0.0145204,0,0.000419693,-0.0145144,0.999895,0,-0.121805,0.953205,0.0325967,1],[1,-5.55112e-16,5.55112e-16,0,5.55112e-16,1,9.60915e-15,0,-5.55112e-16,-9.60915e-15,1,0,0.0124823,-1.52791,0.0560225,1],[1,-5.55112e-16,5.55112e-16,0,5.55112e-16,1,9.60915e-15,0,-5.55112e-16,-9.60915e-15,1,0,0.0124823,-1.5926,0.0387778,1],[-0.135957,-0.990589,-0.0157785,0,-0.00780842,0.0169973,-0.999825,0,0.990684,-0.13581,-0.0100458,0,-0.0203935,-0.786849,1.42587,1],[-0.0110206,-0.999852,-0.0131867,0,-0.00987258,0.0132956,-0.999863,0,0.999891,-0.0108889,-0.0100176,0,0.0810242,-0.875294,1.42915,1],[-0.0898737,0.995674,0.0235584,0,0.0322891,0.0265546,-0.999126,0,-0.99543,-0.0890345,-0.034536,0,-0.0455585,-0.775609,1.41801,1]],"boneNames":["mixamorig:RightShoulder","mixamorig:RightArm","mixamorig:RightForeArm","mixamorig:Spine2","mixamorig:LeftForeArm","mixamorig:LeftShoulder","mixamorig:LeftArm","mixamorig:LeftUpLeg","mixamorig:Hips","mixamorig:Spine","mixamorig:Spine1","mixamorig:RightUpLeg","mixamorig:Neck","mixamorig:Head","mixamorig:RightHand","mixamorig:RightHandMiddle1","mixamorig:LeftHand"]},{"inverseBindMatrices":[[1,-5.55112e-16,5.55112e-16,0,5.55112e-16,1,9.60915e-15,0,-5.55112e-16,-9.60915e-15,1,0,0.0124823,-1.5926,0.0387778,1],[1,-5.55112e-16,5.55112e-16,0,5.55112e-16,1,9.60915e-15,0,-5.55112e-16,-9.60915e-15,1,0,0.0124823,-1.52791,0.0560225,1],[1,-5.91696e-16,5.15939e-16,0,5.55112e-16,0.997669,0.0682356,0,-5.55112e-16,-0.0682356,0.997669,0,0.0124823,-1.37343,-0.0483659,1]],"boneNames":["mixamorig:Head","mixamorig:Neck","mixamorig:Spine2"]}],"morphs":[],"vertices":[{"position":{"type":"float32","components":3,"data":[0.125822,1.51436,-0.100934,0.112912,1.52789,-0.0708008,0.133912,1.52855,-0.0769805,0.103776,1.51678,-0.094682,-0.0155056,0.979186,0.0959961,0.00946177,0.957934,0.0995518,0.00954669,0.981109,0.0959034,-0.0146167,0.956407,0.100201,0.116072,1.49255,-0.124826,0.089777,1.5001,-0.118493,0.145684,1.51624,-0.0332972,0.141223,1.52737,-0.0533887,0.130381,1.51593,-0.0345355,0.118775,1.52357,-0.0462521,0.144668,1.50063,-0.0183593,0.127085,1.50472,-0.0248543,0.122605,1.4872,-0.0131201,0.13985,1.48131,-0.0061456,0.111492,1.50957,-0.0306152,-0.0166596,1.02453,0.0952653,0.00906712,1.00417,0.094303,0.00802378,1.02702,0.0948799,-0.0162388,1.00234,0.0946127,0.117653,1.00867,0.0643995,0.118991,0.984635,0.0705386,0.140643,0.991835,0.0464593,0.136141,1.0138,0.0404007,0.0905599,0.999537,0.0777283,0.0901212,0.975039,0.0821271,0.0623945,0.991315,0.086846,0.0611867,0.966966,0.0902083,0.0354913,0.985212,0.0937629,0.0346287,0.961346,0.0975882,0.108639,1.46558,-0.144231,0.0668246,1.47493,-0.13957,0.060256,1.43219,0.0425831,0.0700462,1.45155,0.0304073,0.0522391,1.44923,0.0386337,0.0791892,1.43473,0.0350135,0.0868469,1.45487,0.0227583,0.0978507,1.43728,0.0283507,0.0595268,1.46793,0.0263278,0.0428319,1.46432,0.0315722,0.134437,1.4633,0.00377284,0.115983,1.46861,0.00249257,0.1019,1.45982,0.0139576,0.114983,1.44165,0.0210711,0.106706,1.49645,-0.0164006,0.100233,1.48515,-0.00207853,0.0893249,1.47779,0.0103754,0.0753075,1.47256,0.0197126,0.0329016,1.44634,0.0445237,0.0253227,1.46073,0.0343612,0.0112536,1.44235,0.0438264,0.00740908,1.45631,0.0324725,-0.0116849,1.44195,0.0430927,-0.0112226,1.4553,0.0326842,0.0405379,1.42913,0.0508175,0.0150615,1.42306,0.0545896,-0.0118292,1.4263,0.0522222,0.127758,1.45148,0.0119886,0.0313232,0.936262,0.100595,0.00828444,0.933794,0.104408,-0.0138078,0.931762,0.107132,-0.151577,1.52464,-0.0771009,-0.126622,1.52582,-0.0726894,-0.142871,1.51571,-0.100914,-0.119823,1.51879,-0.0968707,-0.133843,1.49767,-0.125452,-0.109117,1.50383,-0.120719,-0.167472,1.51622,-0.0344206,-0.147037,1.5187,-0.0353201,-0.160457,1.5248,-0.0543601,-0.132455,1.52248,-0.0483943,-0.166983,1.50238,-0.0200939,-0.143422,1.50993,-0.0255958,-0.160545,1.48779,-0.00789433,-0.138294,1.4955,-0.0139198,-0.124374,1.51196,-0.0327228,-0.0412087,1.00353,0.0918743,-0.0409273,1.02677,0.0933862,-0.166223,0.987588,0.0364994,-0.141294,1.00239,0.0540685,-0.160376,1.00789,0.032678,-0.144017,0.979968,0.0587601,-0.117095,0.995238,0.0692708,-0.117695,0.970772,0.0741461,-0.0915069,0.987997,0.0807363,-0.0903319,0.962721,0.0858495,-0.0659079,0.982754,0.0892687,-0.0640867,0.957954,0.0945187,-0.0405526,0.979918,0.0941781,-0.0388984,0.956284,0.0989625,-0.176179,0.990491,0.00677385,-0.169966,1.01046,0.00548899,-0.0881953,1.47883,-0.143651,-0.127363,1.47143,-0.145504,-0.0816366,1.4339,0.0384003,-0.0726885,1.45023,0.0329998,-0.0894733,1.45432,0.0261447,-0.0999816,1.4378,0.031653,-0.104575,1.45925,0.018573,-0.117481,1.44266,0.0251634,-0.0633628,1.46547,0.0290271,-0.0787206,1.47025,0.0235356,-0.152899,1.47263,0.000707238,-0.131059,1.47683,-0.000942954,-0.117855,1.46624,0.00964783,-0.133087,1.45078,0.0170992,-0.118815,1.49985,-0.0194454,-0.112777,1.48906,-0.0058169,-0.104194,1.48172,0.00658297,-0.092651,1.47594,0.0166191,-0.0550049,1.44728,0.0410954,-0.0469678,1.46192,0.0339086,-0.034225,1.44468,0.0455769,-0.0293422,1.45873,0.0357089,-0.062526,1.43023,0.0472782,-0.0379355,1.42483,0.0553696,-0.144919,1.46197,0.00765406,-0.059777,0.931803,0.0993879,-0.0365522,0.932,0.106414,-0.156114,1.02939,0.0294702,-0.165878,1.03158,0.00333566,-0.138334,1.02469,0.0507808,-0.115489,1.01856,0.0661564,-0.0911893,1.01249,0.0779006,-0.0661583,1.00722,0.0863174,0.0351838,1.00885,0.0912079,0.0623024,1.0155,0.0843129,0.0900174,1.023,0.0753601,0.115598,1.02923,0.0608611,0.132684,1.03432,0.0366524,0.743807,1.42572,-0.091481,0.729949,1.42489,-0.0900346,0.743356,1.43376,-0.0996088,0.729641,1.43371,-0.098445,0.731382,1.41884,-0.075138,0.744962,1.41937,-0.0763706,0.750461,1.41647,-0.0554627,0.734188,1.41718,-0.0569657,0.739558,1.43001,-0.0319178,0.75447,1.41653,-0.0387357,0.755031,1.42544,-0.0280284,0.736828,1.42083,-0.0416473,0.757311,1.43862,-0.0259439,0.741974,1.44188,-0.0285491,0.742818,1.45318,-0.0348499,0.758808,1.45215,-0.0315202,0.757508,1.46191,-0.0468155,0.741669,1.46119,-0.0496231,0.752333,1.46368,-0.0688616,0.737964,1.46357,-0.0704387,0.747193,1.45956,-0.0901402,0.733647,1.461,-0.0908518,0.74365,1.4463,-0.100752,0.730844,1.44726,-0.100813,0.758437,1.43289,-0.104416,0.759362,1.42237,-0.0969255,0.75935,1.44593,-0.102851,0.775323,1.44326,-0.107169,0.774242,1.43127,-0.109336,0.777012,1.42008,-0.103509,0.824854,1.43887,-0.119548,0.811138,1.44394,-0.11567,0.825666,1.44531,-0.11808,0.809675,1.43574,-0.117141,0.77755,1.46066,-0.0434548,0.767691,1.46441,-0.0668492,0.764472,1.4572,-0.0895015,0.78011,1.45215,-0.099629,0.845264,1.44985,-0.0988812,0.831752,1.45726,-0.0930827,0.846279,1.45617,-0.0938053,0.825967,1.45441,-0.103047,0.860998,1.45365,-0.0778157,0.844954,1.46081,-0.0708599,0.860151,1.45925,-0.069676,0.842503,1.46027,-0.0830262,0.849171,1.43264,-0.0257914,0.858743,1.44819,-0.0341609,0.840828,1.44774,-0.0307958,0.861596,1.4393,-0.0306605,0.835651,1.39731,-0.014637,0.829776,1.38544,-0.0115487,0.825293,1.38777,-0.0146397,0.837989,1.39418,-0.0121558,0.814169,1.38653,-0.00858927,0.816663,1.38925,0.00203391,0.808134,1.3932,-0.00189845,0.82183,1.38389,-0.00467318,0.817511,1.39773,0.00635214,0.809423,1.40328,0.00123061,0.773044,1.43156,-0.019252,0.771033,1.41605,-0.0207319,0.8677,1.36479,0.0168604,0.871099,1.36615,0.0191817,0.866631,1.36438,0.0176213,0.870304,1.36619,0.0216125,0.90683,1.44023,-0.108639,0.902089,1.44,-0.105575,0.905029,1.43724,-0.10855,0.902275,1.43847,-0.10596,0.956115,1.43643,-0.0366509,0.959652,1.44024,-0.0419194,0.95693,1.44085,-0.0361333,0.95661,1.43547,-0.0413869,0.957931,1.43832,-0.0625842,0.961424,1.44369,-0.0677179,0.958828,1.44217,-0.060985,0.95923,1.43816,-0.0675742,0.943367,1.44559,-0.086641,0.938844,1.44703,-0.0803621,0.939512,1.44247,-0.0807829,0.940299,1.44965,-0.0868456,0.899293,1.4489,-0.0344615,0.907785,1.45178,-0.0417084,0.898882,1.45313,-0.0411154,0.908715,1.44869,-0.0352726,0.909929,1.44264,-0.0317129,0.900414,1.43528,-0.032604,0.910951,1.43568,-0.0330374,0.900874,1.44231,-0.0309197,0.900347,1.4312,-0.0386539,0.911099,1.4314,-0.0387806,0.910203,1.43287,-0.0474446,0.900556,1.44103,-0.0528027,0.909166,1.44129,-0.0527433,0.899935,1.43213,-0.047595,0.863681,1.43677,-0.103256,0.871033,1.443,-0.102781,0.863743,1.44285,-0.101836,0.873811,1.43786,-0.103043,0.864244,1.43346,-0.109088,0.874963,1.43379,-0.107841,0.864557,1.43401,-0.115642,0.874149,1.43848,-0.11974,0.875032,1.43359,-0.11516,0.864239,1.43804,-0.119879,0.862571,1.44767,-0.105462,0.871145,1.44684,-0.10588,0.863166,1.44882,-0.112512,0.871697,1.44778,-0.111956,0.862392,1.38015,0.0195028,0.866358,1.38503,0.0145428,0.85943,1.38985,0.0114641,0.854439,1.38576,0.0168602,0.8548,1.37452,0.0184474,0.844813,1.37363,0.0115435,0.853035,1.36872,0.0136822,0.847752,1.37912,0.0166632,0.846953,1.37159,0.00627578,0.853271,1.36885,0.00854735,0.857447,1.38059,-0.00161413,0.856851,1.37088,0.00481047,0.850893,1.37431,0.000737739,0.863327,1.37584,0.00263031,0.788083,1.41999,-0.0113966,0.785589,1.40513,-0.012635,0.838488,1.41992,-0.0177721,0.828753,1.43532,-0.0202458,0.94284,1.43941,-0.0510445,0.950856,1.43454,-0.0465414,0.94254,1.43388,-0.0471756,0.951108,1.43865,-0.049735,0.950859,1.43481,-0.0349972,0.942263,1.4316,-0.0404971,0.950912,1.43273,-0.0408659,0.942066,1.43414,-0.0342205,0.950188,1.44014,-0.0337061,0.941596,1.44008,-0.0327172,0.942779,1.4367,-0.0609805,0.951952,1.44049,-0.0584381,0.942829,1.44071,-0.0584779,0.952121,1.43664,-0.0613518,0.924048,1.44863,-0.0939347,0.931035,1.44739,-0.0944782,0.924271,1.4434,-0.0957546,0.932502,1.44486,-0.0950686,0.926589,1.43539,-0.0862657,0.933014,1.43789,-0.0822455,0.925233,1.43734,-0.0820266,0.935119,1.43702,-0.0866404,0.93262,1.44512,-0.0785434,0.924868,1.4462,-0.0796497,0.932121,1.43995,-0.0798515,0.924085,1.43976,-0.0797834,0.901629,1.43412,-0.114266,0.894534,1.43329,-0.114541,0.90213,1.43782,-0.119026,0.894456,1.43763,-0.119627,0.893548,1.43438,-0.107933,0.898034,1.43808,-0.10506,0.89188,1.43812,-0.10436,0.900348,1.43534,-0.108117,0.896997,1.44004,-0.104447,0.890579,1.4411,-0.103761,0.888319,1.4333,-0.0642649,0.895172,1.43448,-0.0701298,0.895884,1.43428,-0.0645217,0.887804,1.43336,-0.0701244,0.952451,1.43764,-0.0731185,0.942818,1.44302,-0.0771581,0.952066,1.44316,-0.0764052,0.942962,1.43664,-0.0733326,0.942926,1.43429,-0.06621,0.952792,1.43487,-0.0669565,0.622406,1.44713,-0.0951161,0.655294,1.43041,-0.0978184,0.622261,1.42953,-0.0985591,0.656154,1.44633,-0.0959117,0.624603,1.46312,-0.0835992,0.658743,1.46038,-0.0854497,0.626078,1.46853,-0.0642086,0.660614,1.46542,-0.0667127,0.883848,1.44761,-0.0352348,0.868827,1.44796,-0.0355272,0.87227,1.44081,-0.0319298,0.884388,1.44116,-0.031798,0.660528,1.45301,-0.0368551,0.626895,1.4621,-0.0475392,0.626591,1.45344,-0.0365675,0.661387,1.4606,-0.0490032,0.625131,1.40627,-0.0558569,0.658021,1.41877,-0.0431409,0.625154,1.41666,-0.0419159,0.658043,1.41044,-0.0575746,0.656766,1.40892,-0.0758794,0.624288,1.40466,-0.0749046,0.62316,1.41366,-0.0914434,0.656478,1.4166,-0.0912754,0.624288,1.40466,-0.0749046,0.656766,1.40892,-0.0758794,0.682881,1.43115,-0.0982572,0.684455,1.44522,-0.0979365,0.687512,1.45883,-0.0889473,0.689951,1.46274,-0.0698237,0.691099,1.46023,-0.0508985,0.690562,1.45227,-0.0380766,0.685787,1.42097,-0.0447469,0.685115,1.4142,-0.0594619,0.68328,1.41295,-0.0778689,0.68328,1.41295,-0.0778689,0.683377,1.41923,-0.0921242,0.71332,1.45186,-0.0379634,0.729089,1.45301,-0.0365792,0.728609,1.46047,-0.0506571,0.713834,1.45948,-0.0513701,0.725551,1.4634,-0.0706536,0.711629,1.46262,-0.0703842,0.721968,1.46106,-0.0908992,0.708497,1.45974,-0.0904427,0.720383,1.44702,-0.0999199,0.705232,1.44487,-0.0978101,0.717606,1.43311,-0.0962654,0.702803,1.43157,-0.0965436,0.71662,1.42411,-0.0886242,0.702237,1.42167,-0.0901101,0.702728,1.41604,-0.0769813,0.71728,1.41816,-0.075778,0.705019,1.41586,-0.0593206,0.71728,1.41816,-0.075778,0.719393,1.41694,-0.0587539,0.702728,1.41604,-0.0769813,0.898989,1.45126,-0.0600796,0.903764,1.45367,-0.0685746,0.897959,1.45379,-0.0689536,0.905264,1.45126,-0.0612427,0.905815,1.43668,-0.0711749,0.896078,1.44087,-0.0771133,0.905592,1.44393,-0.0778407,0.897253,1.43625,-0.0609478,0.906943,1.4358,-0.0645108,0.907732,1.4384,-0.0602207,0.899292,1.44207,-0.0570607,0.908197,1.44478,-0.0576258,0.899888,1.45333,-0.0881983,0.892224,1.45225,-0.0822325,0.901556,1.45028,-0.0820573,0.889934,1.45472,-0.0890288,0.894673,1.44578,-0.0782647,0.902517,1.44435,-0.0795104,0.948456,1.44495,-0.0378031,0.942852,1.44761,-0.0423528,0.943354,1.44563,-0.038019,0.949189,1.44647,-0.0425206,0.946173,1.44657,-0.0610876,0.950938,1.44528,-0.0610914,0.949984,1.4485,-0.0669061,0.944224,1.44964,-0.0664721,0.898629,1.4451,-0.110745,0.893162,1.44413,-0.105878,0.897715,1.44225,-0.105323,0.89344,1.44646,-0.111301,0.927363,1.44853,-0.0810976,0.932249,1.44739,-0.0806461,0.93144,1.45031,-0.0876606,0.925579,1.45099,-0.086839,0.900556,1.44103,-0.0528027,0.90816,1.44946,-0.0489568,0.909166,1.44129,-0.0527433,0.899112,1.44985,-0.0494224,0.94284,1.43941,-0.0510445,0.951681,1.44347,-0.0497511,0.951108,1.43865,-0.049735,0.943141,1.44649,-0.0490916,0.959652,1.44024,-0.0419194,0.954781,1.44449,-0.0382165,0.95693,1.44085,-0.0361333,0.957028,1.44516,-0.0426007,0.941596,1.44008,-0.0327172,0.949202,1.44388,-0.0362599,0.941431,1.4451,-0.0364731,0.950188,1.44014,-0.0337061,0.900874,1.44231,-0.0309197,0.909929,1.44264,-0.0317129,0.905592,1.44393,-0.0778407,0.896978,1.44999,-0.0767189,0.903446,1.45128,-0.0755235,0.896078,1.44087,-0.0771133,0.942818,1.44302,-0.0771581,0.950622,1.44705,-0.0740934,0.952066,1.44316,-0.0764052,0.943095,1.4486,-0.0735104,0.958828,1.44217,-0.060985,0.961424,1.44369,-0.0677179,0.956871,1.44585,-0.0619886,0.957495,1.44741,-0.0675232,0.951522,1.44409,-0.0598749,0.942829,1.44071,-0.0584779,0.951952,1.44049,-0.0584381,0.94369,1.44582,-0.0598558,0.899292,1.44207,-0.0570607,0.908197,1.44478,-0.0576258,0.892953,1.43893,-0.0806684,0.902517,1.44435,-0.0795104,0.894673,1.44578,-0.0782647,0.903841,1.43806,-0.0811666,0.932121,1.43995,-0.0798515,0.924085,1.43976,-0.0797834,0.940497,1.44065,-0.0867369,0.939512,1.44247,-0.0807829,0.938172,1.43982,-0.0827254,0.943367,1.44559,-0.086641,0.934582,1.44061,-0.0927207,0.925977,1.43821,-0.0928432,0.932502,1.44486,-0.0950686,0.924271,1.4434,-0.0957546,0.899403,1.43772,-0.0951814,0.887589,1.43792,-0.0947539,0.896526,1.44501,-0.0984211,0.887491,1.44487,-0.0980783,0.872723,1.44486,-0.118508,0.863757,1.44481,-0.119345,0.899959,1.44234,-0.117524,0.893289,1.44412,-0.118513,0.902089,1.44,-0.105575,0.904917,1.44336,-0.109411,0.901527,1.4413,-0.105961,0.90683,1.44023,-0.108639,0.897354,1.44149,-0.104778,0.890579,1.4411,-0.103761,0.896997,1.44004,-0.104447,0.891212,1.44401,-0.105257,0.863743,1.44285,-0.101836,0.871033,1.443,-0.102781,0.877439,1.44007,-0.0550745,0.884185,1.44999,-0.0490686,0.885298,1.44073,-0.0548648,0.872424,1.44982,-0.049279,0.883018,1.45148,-0.040986,0.868806,1.45192,-0.0419101,0.843686,1.45574,-0.0441175,0.858342,1.45315,-0.0424037,0.847924,1.45843,-0.0571099,0.86301,1.45057,-0.051705,0.873016,1.43331,-0.0332601,0.884388,1.44116,-0.031798,0.87227,1.44081,-0.0319298,0.887142,1.43412,-0.0327951,0.874034,1.42832,-0.0392273,0.887621,1.42898,-0.0388641,0.887705,1.43031,-0.0489103,0.877439,1.44007,-0.0550745,0.885298,1.44073,-0.0548648,0.875999,1.42886,-0.048572,0.932415,1.44071,-0.0327962,0.925608,1.43525,-0.0341677,0.931173,1.43469,-0.0342466,0.925144,1.44165,-0.0330142,0.932437,1.44612,-0.0361263,0.925144,1.44165,-0.0330142,0.932415,1.44071,-0.0327962,0.924845,1.44698,-0.0362577,0.932406,1.44892,-0.0420782,0.924684,1.44919,-0.0418895,0.925319,1.44145,-0.0524085,0.93305,1.44759,-0.048929,0.933237,1.44072,-0.0517376,0.925032,1.4481,-0.0485935,0.925319,1.44145,-0.0524085,0.931573,1.43407,-0.0479825,0.925614,1.43337,-0.0485892,0.933237,1.44072,-0.0517376,0.92593,1.43127,-0.0400659,0.931388,1.43169,-0.040474,0.883009,1.44984,-0.0768311,0.888299,1.43947,-0.0772003,0.881029,1.4401,-0.0766223,0.891655,1.44896,-0.0770686,0.885123,1.45212,-0.0597443,0.893728,1.45377,-0.0691704,0.884546,1.45528,-0.0689668,0.894428,1.45075,-0.0600283,0.891874,1.44119,-0.0563455,0.883197,1.44219,-0.0562544,0.883197,1.44219,-0.0562544,0.889615,1.43519,-0.0601765,0.891874,1.44119,-0.0563455,0.880504,1.43593,-0.0599411,0.878575,1.43425,-0.0641408,0.881029,1.4401,-0.0766223,0.888299,1.43947,-0.0772003,0.879426,1.43412,-0.0697073,0.932394,1.44227,-0.0586029,0.925031,1.43886,-0.0601539,0.931248,1.43807,-0.0605718,0.924106,1.44411,-0.0588197,0.924106,1.44411,-0.0588197,0.929943,1.44807,-0.0604331,0.921858,1.44913,-0.0616224,0.932394,1.44227,-0.0586029,0.928829,1.45162,-0.0663663,0.920425,1.45173,-0.0671803,0.92153,1.44461,-0.0774742,0.92907,1.45094,-0.0736073,0.930926,1.44397,-0.0779573,0.9202,1.45105,-0.0735033,0.923248,1.43647,-0.0738817,0.930926,1.44397,-0.0779573,0.929821,1.43658,-0.0736949,0.92153,1.44461,-0.0774742,0.930767,1.43545,-0.0656057,0.924815,1.43538,-0.0652407,0.863718,1.45018,-0.0970934,0.870601,1.44369,