{"model":{"version":3,"nodes":[{"name":"RootNode","position":[0,0,0],"rotation":[0,0,0],"scale":[1,1,1],"scaleCompensation":false},{"name":"Ch27_Shirt","position":[-0.0422619,0,-0.180089],"rotation":[7.62939e-06,0,0],"scale":[0.01,0.01,0.01],"scaleCompensation":false},{"name":"Ch27_Pants","position":[-0.0422619,0,-0.180089],"rotation":[7.62939e-06,0,0],"scale":[0.01,0.01,0.01],"scaleCompensation":false},{"name":"Ch27_Suit","position":[-0.0422619,0,-0.180089],"rotation":[7.62939e-06,0,0],"scale":[0.01,0.01,0.01],"scaleCompensation":false},{"name":"Ch27_Heels","position":[-0.0422619,0,-0.180089],"rotation":[7.62939e-06,0,0],"scale":[0.01,0.01,0.01],"scaleCompensation":false},{"name":"Ch27_Body","position":[-0.0422619,0,-0.180089],"rotation":[7.62939e-06,0,0],"scale":[0.01,0.01,0.01],"scaleCompensation":false},{"name":"Ch27_Eyelashes","position":[-0.0422619,0,-0.180089],"rotation":[7.62939e-06,0,0],"scale":[0.01,0.01,0.01],"scaleCompensation":false},{"name":"Ch27_Hair","position":[-0.0422619,0,-0.180089],"rotation":[7.62939e-06,0,0],"scale":[0.01,0.01,0.01],"scaleCompensation":false},{"name":"mixamorig:Hips","position":[-0.0464912,0.991582,-0.111255],"rotation":[-18.2624,0.0512381,-1.03886],"scale":[1,1,1],"scaleCompensation":false},{"name":"mixamorig:Spine","position":[0,0.0933974,-0.00375986],"rotation":[13.4031,1.37769,-0.257447],"scale":[1,1,1],"scaleCompensation":false},{"name":"mixamorig:Spine1","position":[0,0.109051,0],"rotation":[16.511,1.26646,-0.229722],"scale":[1,1,1],"scaleCompensation":false},{"name":"mixamorig:Spine2","position":[1.49012e-08,0.12463,0],"rotation":[16.5268,1.04499,-0.203296],"scale":[1,1,1],"scaleCompensation":false},{"name":"mixamorig:Neck","position":[7.45058e-09,0.140209,1.19209e-07],"rotation":[3.77186,-4.14678,-1.93795],"scale":[1,1,1],"scaleCompensation":false},{"name":"mixamorig:Head","position":[0,0.0739588,0.0221008],"rotation":[-12.9705,-24.1232,12.0341],"scale":[1,1,1],"scaleCompensation":false},{"name":"mixamorig:HeadTop_End","position":[2.98023e-08,0.22035,0.0658461],"rotation":[0,1.70755e-06,8.53774e-07],"scale":[1,1,1],"scaleCompensation":false},{"name":"mixamorig:LeftShoulder","position":[0.0571896,0.120647,-0.00100964],"rotation":[109.221,64.0951,-19.2156],"scale":[1,1,1],"scaleCompensation":false},{"name":"mixamorig:LeftArm","position":[0,0.124505,1.19209e-07],"rotation":[24.1129,-15.9686,36.8577],"scale":[1,1,1],"scaleCompensation":false},{"name":"mixamorig:LeftForeArm","position":[-2.98023e-08,0.217096,0],"rotation":[1.06407,-0.966137,53.5621],"scale":[1,1,1],"scaleCompensation":false},{"name":"mixamorig:LeftHand","position":[0,0.26585,5.96046e-08],"rotation":[4.2484,47.6676,4.66309],"scale":[1,1,1],"scaleCompensation":false},{"name":"mixamorig:LeftHandThumb1","position":[-0.0278999,0.0302923,0.0125467],"rotation":[39.6401,1.15139,35.5146],"scale":[1,1,1],"scaleCompensation":false},{"name":"mixamorig:LeftHandThumb2","position":[-0.00638917,0.0338435,1.78814e-07],"rotation":[1.6092,-8.78214,-35.6276],"scale":[1,1,1],"scaleCompensation":false},{"name":"mixamorig:LeftHandThumb3","position":[0.000867873,0.0308629,5.96046e-08],"rotation":[-15.8725,-0.493321,-2.97262],"scale":[1,1,1],"scaleCompensation":false},{"name":"mixamorig:LeftHandThumb4","position":[0.0055213,0.025305,0],"rotation":[-1.70755e-06,-0,8.53774e-07],"scale":[1,1,1],"scaleCompensation":false},{"name":"mixamorig:LeftHandIndex1","position":[-0.033619,0.0934248,0.00159645],"rotation":[54.7953,2.12768,3.66155],"scale":[1,1,1],"scaleCompensation":false},{"name":"mixamorig:LeftHandIndex2","position":[-5.36442e-07,0.0310004,0],"rotation":[23.6102,0.450846,-2.15688],"scale":[1,1,1],"scaleCompensation":false},{"name":"mixamorig:LeftHandIndex3","position":[-8.04663e-07,0.0277244,-5.96046e-08],"rotation":[23.6103,0.450842,-2.15688],"scale":[1,1,1],"scaleCompensation":false},{"name":"mixamorig:LeftHandIndex4","position":[1.3411e-06,0.0235902,0],"rotation":[0,-8.53774e-07,1.70755e-06],"scale":[1,1,1],"scaleCompensation":false},{"name":"mixamorig:LeftHandMiddle1","position":[-0.00870562,0.0925958,-0.00229782],"rotation":[52.6536,2.13488,-1.44496],"scale":[1,1,1],"scaleCompensation":false},{"name":"mixamorig:LeftHandMiddle2","position":[-5.0962e-06,0.0332662,0],"rotation":[23.6089,0.453523,-2.1698],"scale":[1,1,1],"scaleCompensation":false},{"name":"mixamorig:LeftHandMiddle3","position":[4.67896e-06,0.0309089,2.98023e-08],"rotation":[23.6089,0.453532,-2.16979],"scale":[1,1,1],"scaleCompensation":false},{"name":"mixamorig:LeftHandMiddle4","position":[5.06639e-07,0.0271136,2.98023e-08],"rotation":[1.70755e-06,-8.53774e-07,1.70755e-06],"scale":[1,1,1],"scaleCompensation":false},{"name":"mixamorig:LeftHandRing1","position":[0.0111938,0.0932867,-0.00143158],"rotation":[41.6353,2.60576,-2.14195],"scale":[1,1,1],"scaleCompensation":false},{"name":"mixamorig:LeftHandRing2","position":[-3.8594e-05,0.0274413,0],"rotation":[23.6591,0.456416,-2.17884],"scale":[1,1,1],"scaleCompensation":false},{"name":"mixamorig:LeftHandRing3","position":[2.92957e-05,0.026977,2.98023e-08],"rotation":[23.6096,0.454543,-2.17455],"scale":[1,1,1],"scaleCompensation":false},{"name":"mixamorig:LeftHandRing4","position":[9.20892e-06,0.0233462,-1.49012e-08],"rotation":[0,-0,1.70755e-06],"scale":[1,1,1],"scaleCompensation":false},{"name":"mixamorig:LeftHandPinky1","position":[0.0311309,0.0853341,0.00229275],"rotation":[24.4571,1.03564,-8.16753],"scale":[1,1,1],"scaleCompensation":false},{"name":"mixamorig:LeftHandPinky2","position":[-4.94123e-05,0.0251538,0],"rotation":[23.6245,0.420737,-2.01159],"scale":[1,1,1],"scaleCompensation":false},{"name":"mixamorig:LeftHandPinky3","position":[3.18885e-06,0.0214092,0],"rotation":[23.6246,0.420725,-2.01162],"scale":[1,1,1],"scaleCompensation":false},{"name":"mixamorig:LeftHandPinky4","position":[4.61638e-05,0.0181681,2.98023e-08],"rotation":[8.53774e-07,-0,0],"scale":[1,1,1],"scaleCompensation":false},{"name":"mixamorig:RightShoulder","position":[-0.0571896,0.120629,-0.000565946],"rotation":[102.442,-60.4074,14.4331],"scale":[1,1,1],"scaleCompensation":false},{"name":"mixamorig:RightArm","position":[1.19209e-07,0.124505,0],"rotation":[36.6052,34.6264,-25.1681],"scale":[1,1,1],"scaleCompensation":false},{"name":"mixamorig:RightForeArm","position":[2.98023e-08,0.21727,0],"rotation":[0.875858,1.03706,-58.0509],"scale":[1,1,1],"scaleCompensation":false},{"name":"mixamorig:RightHand","position":[0,0.266043,0],"rotation":[37.2385,-60.112,-11.9109],"scale":[1,1,1],"scaleCompensation":false},{"name":"mixamorig:RightHandThumb1","position":[0.0279289,0.0247175,0.0123817],"rotation":[30.7503,10.8165,-19.2141],"scale":[1,1,1],"scaleCompensation":false},{"name":"mixamorig:RightHandThumb2","position":[0.00657135,0.0307435,-1.19209e-07],"rotation":[0.618512,2.74832,9.4604],"scale":[1,1,1],"scaleCompensation":false},{"name":"mixamorig:RightHandThumb3","position":[-0.00202298,0.0298737,-5.96046e-08],"rotation":[-13.8226,7.13789,31.7882],"scale":[1,1,1],"scaleCompensation":false},{"name":"mixamorig:RightHandThumb4","position":[-0.00454843,0.0243302,1.19209e-07],"rotation":[-1.70755e-06,-4.26887e-07,1.28066e-06],"scale":[1,1,1],"scaleCompensation":false},{"name":"mixamorig:RightHandIndex1","position":[0.0333465,0.0823247,0.00156748],"rotation":[23.213,-5.38393,-7.50809],"scale":[1,1,1],"scaleCompensation":false},{"name":"mixamorig:RightHandIndex2","position":[-1.65999e-05,0.0305391,0],"rotation":[21.5458,-0.333524,1.727],"scale":[1,1,1],"scaleCompensation":false},{"name":"mixamorig:RightHandIndex3","position":[9.41753e-06,0.0280846,0],"rotation":[21.8827,-0.338937,1.74373],"scale":[1,1,1],"scaleCompensation":false},{"name":"mixamorig:RightHandIndex4","position":[7.18236e-06,0.024188,0],"rotation":[8.53774e-07,-1.92099e-06,0],"scale":[1,1,1],"scaleCompensation":false},{"name":"mixamorig:RightHandMiddle1","position":[0.00913963,0.0831724,-0.00126672],"rotation":[22.8155,-1.47521,0.386096],"scale":[1,1,1],"scaleCompensation":false},{"name":"mixamorig:RightHandMiddle2","position":[-2.5332e-06,0.0319447,-5.96046e-08],"rotation":[21.5468,-0.324681,1.70747],"scale":[1,1,1],"scaleCompensation":false},{"name":"mixamorig:RightHandMiddle3","position":[-2.02656e-06,0.0319748,0],"rotation":[22.1736,-0.346299,1.75185],"scale":[1,1,1],"scaleCompensation":false},{"name":"mixamorig:RightHandMiddle4","position":[4.55976e-06,0.0270295,2.98023e-08],"rotation":[-8.53774e-07,-0,0],"scale":[1,1,1],"scaleCompensation":false},{"name":"mixamorig:RightHandRing1","position":[-0.0111539,0.083768,-0.00188327],"rotation":[22.2539,-4.26256,7.36954],"scale":[1,1,1],"scaleCompensation":false},{"name":"mixamorig:RightHandRing2","position":[2.11298e-05,0.027925,0],"rotation":[21.2914,-0.330666,1.74776],"scale":[1,1,1],"scaleCompensation":false},{"name":"mixamorig:RightHandRing3","position":[-2.28286e-05,0.0275149,0],"rotation":[21.8901,-0.34871,1.79103],"scale":[1,1,1],"scaleCompensation":false},{"name":"mixamorig:RightHandRing4","position":[1.74344e-06,0.0230905,-1.49012e-08],"rotation":[-8.53774e-07,1.4941e-06,0],"scale":[1,1,1],"scaleCompensation":false},{"name":"mixamorig:RightHandPinky1","position":[-0.0313324,0.0796938,0.00202441],"rotation":[21.6765,-5.88468,11.0718],"scale":[1,1,1],"scaleCompensation":false},{"name":"mixamorig:RightHandPinky2","position":[4.1604e-05,0.0258821,0],"rotation":[21.5518,-0.31604,1.65309],"scale":[1,1,1],"scaleCompensation":false},{"name":"mixamorig:RightHandPinky3","position":[-3.22908e-05,0.0206228,5.96046e-08],"rotation":[21.8888,-0.32352,1.67763],"scale":[1,1,1],"scaleCompensation":false},{"name":"mixamorig:RightHandPinky4","position":[-9.32813e-06,0.017576,-1.49012e-08],"rotation":[8.53774e-07,1.06722e-07,8.53774e-07],"scale":[1,1,1],"scaleCompensation":false},{"name":"mixamorig:LeftUpLeg","position":[0.0990494,-0.0519472,-0.00540116],"rotation":[62.0292,5.02673,173.919],"scale":[1,1,1],"scaleCompensation":false},{"name":"mixamorig:LeftLeg","position":[0,0.445581,-1.19209e-07],"rotation":[-92.2078,-1.00381,8.54832],"scale":[1,1,1],"scaleCompensation":false},{"name":"mixamorig:LeftFoot","position":[0,0.422161,0],"rotation":[61.7429,-10.5165,7.037],"scale":[1,1,1],"scaleCompensation":false},{"name":"mixamorig:LeftToeBase","position":[-3.72529e-09,0.111227,0],"rotation":[41.9151,-12.1295,-0.111767],"scale":[1,1,1],"scaleCompensation":false},{"name":"mixamorig:LeftToe_End","position":[1.49012e-08,0.0498428,-2.98023e-08],"rotation":[-2.13443e-07,8.53774e-07,-2.00103e-06],"scale":[1,1,1],"scaleCompensation":false},{"name":"mixamorig:RightUpLeg","position":[-0.0990494,-0.0519472,-0.00434202],"rotation":[75.6651,-10.7029,-161.381],"scale":[1,1,1],"scaleCompensation":false},{"name":"mixamorig:RightLeg","position":[2.23517e-08,0.445709,-5.96046e-08],"rotation":[-65.1338,6.70052,7.46022],"scale":[1,1,1],"scaleCompensation":false},{"name":"mixamorig:RightFoot","position":[2.98023e-08,0.422332,-5.96046e-08],"rotation":[30.5151,-3.17153,-2.71983],"scale":[1,1,1],"scaleCompensation":false},{"name":"mixamorig:RightToeBase","position":[-1.49012e-08,0.11544,0],"rotation":[40.0141,12.3578,0.100958],"scale":[1,1,1],"scaleCompensation":false},{"name":"mixamorig:RightToe_End","position":[-5.96046e-08,0.0501657,0],"rotation":[-8.53774e-07,-0,4.26887e-07],"scale":[1,1,1],"scaleCompensation":false}],"parents":[-1,0,0,0,0,0,0,0,0,8,9,10,11,12,13,11,15,16,17,18,19,20,21,18,23,24,25,18,27,28,29,18,31,32,33,18,35,36,37,11,39,40,41,42,43,44,45,42,47,48,49,42,51,52,53,42,55,56,57,42,59,60,61,8,63,64,65,66,8,68,69,70,71],"skins":[{"inverseBindMatrices":[[1,-0,-0,0,-0,0.999191,0.0402242,0,0,-0.0402242,0.999191,0,0.000566572,-1.31868,-0.0213206,1],[-0.0170461,0.950111,-0.311447,0,-0.0405054,-0.311893,-0.949253,0,-0.999034,-0.00356577,0.0438012,0,0.0216867,0.394875,1.38524,1],[-0.0823827,0.992838,-0.0865259,0,-0.0189481,-0.0883657,-0.995908,0,-0.996421,-0.0804061,0.0260922,0,0.00303116,-0.0529975,1.41055,1],[1,-0,-0,0,-0,1,6.12323e-17,0,0,-6.12323e-17,1,0,0.000566572,-1.45857,0.0373793,1],[1,-0,-0,0,-0,0.999191,0.0402242,0,0,-0.0402242,0.999191,0,0.000566572,-1.085,-0.0213206,1],[1,-0,-0,0,-0,0.999191,0.0402242,0,0,-0.0402242,0.999191,0,0.000566572,-1.19405,-0.0213206,1],[-0.00951372,-0.950111,0.311768,0,0.0404042,-0.311893,-0.949258,0,0.999138,0.00356578,0.0413558,0,-0.0215651,0.394066,1.38551,1],[-0.0913016,-0.992041,0.0867158,0,0.013394,-0.0882949,-0.996004,0,0.995733,-0.0897754,0.0213489,0,0.00172953,-0.0543182,1.4106,1],[1,-0,-0,0,-0,1,6.12323e-17,0,0,-6.12323e-17,1,0,0.000566572,-1.53253,0.0152785,1]],"boneNames":["mixamorig:Spine2","mixamorig:LeftShoulder","mixamorig:LeftArm","mixamorig:Neck","mixamorig:Spine","mixamorig:Spine1","mixamorig:RightShoulder","mixamorig:RightArm","mixamorig:Head"]},{"inverseBindMatrices":[[1,-0,-0,0,-0,1,6.12323e-17,0,0,-6.12323e-17,1,0,0.000566572,-0.991582,0.01858,1],[-0.998606,0.0527924,-2.27826e-10,0,-0.0527499,-0.997801,-0.0401356,0,-0.00211886,-0.0400797,0.999194,0,0.14786,0.931408,0.0616746,1],[-0.998606,-0.0527773,2.14065e-11,0,0.0527196,-0.997515,-0.0467476,0,0.00246721,-0.0466824,0.998907,0,-0.148958,0.930971,0.0668226,1],[-0.997175,-0.075096,-0.00130255,0,0.0750252,-0.995125,-0.0640152,0,0.00351108,-0.0639321,0.997948,0,-0.159778,0.480576,0.0751683,1],[-0.989522,-0.110505,-0.0929252,0,-0.0961052,0.0237957,0.995087,0,-0.107751,0.993591,-0.0341665,0,-0.153668,-0.0378723,-0.0179901,1],[-0.996997,-0.0265108,0.0727543,0,0.0737139,-0.612659,0.786902,0,0.0237121,0.789903,0.612774,0,-0.158223,0.0975663,-0.00422134,1],[-0.997173,0.0751264,0.00129767,0,-0.075077,-0.995528,-0.0573375,0,-0.00301569,-0.0572729,0.998354,0,0.158701,0.481257,0.0699966,1],[-0.996955,0.0275145,-0.0729702,0,-0.0737808,-0.635861,0.768269,0,-0.0252604,0.771313,0.635955,0,0.157102,0.0942281,-0.00423404,1],[-0.990083,0.11122,0.0858219,0,0.089003,0.02395,0.995743,0,0.108692,0.993507,-0.0336115,0,0.152719,-0.0371785,-0.0168083,1],[1,-0,-0,0,-0,0.999191,0.0402242,0,0,-0.0402242,0.999191,0,0.000566572,-1.085,-0.0213206,1]],"boneNames":["mixamorig:Hips","mixamorig:LeftUpLeg","mixamorig:RightUpLeg","mixamorig:RightLeg","mixamorig:RightToeBase","mixamorig:RightFoot","mixamorig:LeftLeg","mixamorig:LeftFoot","mixamorig:LeftToeBase","mixamorig:Spine"]},{"inverseBindMatrices":[[1,-0,-0,0,-0,0.999191,0.0402242,0,0,-0.0402242,0.999191,0,0.000566572,-1.085,-0.0213206,1],[1,-0,-0,0,-0,0.999191,0.0402242,0,0,-0.0402242,0.999191,0,0.000566572,-1.19405,-0.0213206,1],[1,-0,-0,0,-0,0.999191,0.0402242,0,0,-0.0402242,0.999191,0,0.000566572,-1.31868,-0.0213206,1],[1,-0,-0,0,-0,1,6.12323e-17,0,0,-6.12323e-17,1,0,0.000566572,-0.991582,0.01858,1],[-0.00951372,-0.950111,0.311768,0,0.0404042,-0.311893,-0.949258,0,0.999138,0.00356578,0.0413558,0,-0.0215651,0.394066,1.38551,1],[-0.0170461,0.950111,-0.311447,0,-0.0405054,-0.311893,-0.949253,0,-0.999034,-0.00356577,0.0438012,0,0.0216867,0.394875,1.38524,1],[-0.0913016,-0.992041,0.0867158,0,0.013394,-0.0882949,-0.996004,0,0.995733,-0.0897754,0.0213489,0,0.00172953,-0.0543182,1.4106,1],[-0.0823827,0.992838,-0.0865259,0,-0.0189481,-0.0883657,-0.995908,0,-0.996421,-0.0804061,0.0260922,0,0.00303116,-0.0529975,1.41055,1],[0.0284303,0.998343,0.0500269,0,-0.0286481,0.0508403,-0.998296,0,-0.999185,0.0269487,0.030046,0,-0.0269946,-0.458523,1.36075,1],[0.062081,0.996797,-0.0504229,0,-0.0497119,-0.0473694,-0.99764,0,-0.996832,0.0644411,0.046612,0,-0.0195782,-0.584595,1.42651,1],[0.57324,0.766085,-0.290707,0,-0.0671277,-0.309685,-0.948467,0,-0.816633,0.563213,-0.126098,0,-0.313847,-0.0856795,1.50719,1],[-0.998606,-0.0527773,2.14065e-11,0,0.0527196,-0.997515,-0.0467476,0,0.00246721,-0.0466824,0.998907,0,-0.148958,0.930971,0.0668226,1],[-0.998606,0.0527924,-2.27826e-10,0,-0.0527499,-0.997801,-0.0401356,0,-0.00211886,-0.0400797,0.999194,0,0.14786,0.931408,0.0616746,1],[1,-0,-0,0,-0,1,6.12323e-17,0,0,-6.12323e-17,1,0,0.000566572,-1.45857,0.0373793,1],[1,-0,-0,0,-0,1,6.12323e-17,0,0,-6.12323e-17,1,0,0.000566572,-1.53253,0.0152785,1],[0.0479921,-0.997619,-0.0495348,0,0.0255811,0.0508033,-0.998381,0,0.99852,0.0466472,0.0279584,0,0.0396023,-0.458193,1.3609,1],[0.0101589,-0.998606,0.0517983,0,0.0341166,-0.0514246,-0.998094,0,0.999366,0.0119067,0.0335466,0,0.00288039,-0.583852,1.42732,1],[0.0500957,-0.99798,0.0390803,0,0.0361463,-0.0372921,-0.99865,0,0.99809,0.0514407,0.0342051,0,0.0204272,-0.684896,1.41998,1]],"boneNames":["mixamorig:Spine","mixamorig:Spine1","mixamorig:Spine2","mixamorig:Hips","mixamorig:RightShoulder","mixamorig:LeftShoulder","mixamorig:RightArm","mixamorig:LeftArm","mixamorig:LeftForeArm","mixamorig:LeftHand","mixamorig:LeftHandThumb1","mixamorig:RightUpLeg","mixamorig:LeftUpLeg","mixamorig:Neck","mixamorig:Head","mixamorig:RightForeArm","mixamorig:RightHand","mixamorig:RightHandMiddle1"]},{"inverseBindMatrices":[[-0.996955,0.0275145,-0.0729702,0,-0.0737808,-0.635861,0.768269,0,-0.0252604,0.771313,0.635955,0,0.157102,0.0942281,-0.00423404,1],[-0.990083,0.11122,0.0858219,0,0.089003,0.02395,0.995743,0,0.108692,0.993507,-0.0336115,0,0.152719,-0.0371785,-0.0168083,1],[-0.997173,0.0751264,0.00129767,0,-0.075077,-0.995528,-0.0573375,0,-0.00301569,-0.0572729,0.998354,0,0.158701,0.481257,0.0699966,1],[-0.998606,0.0527924,-2.27826e-10,0,-0.0527499,-0.997801,-0.0401356,0,-0.00211886,-0.0400797,0.999194,0,0.14786,0.931408,0.0616746,1],[-0.989522,-0.110505,-0.0929252,0,-0.0961052,0.0237957,0.995087,0,-0.107751,0.993591,-0.0341665,0,-0.153668,-0.0378723,-0.0179901,1],[-0.996997,-0.0265108,0.0727543,0,0.0737139,-0.612659,0.786902,0,0.0237121,0.789903,0.612774,0,-0.158223,0.0975663,-0.00422134,1],[-0.997175,-0.075096,-0.00130255,0,0.0750252,-0.995125,-0.0640152,0,0.00351108,-0.0639321,0.997948,0,-0.159778,0.480576,0.0751683,1],[-0.998606,-0.0527773,2.14065e-11,0,0.0527196,-0.997515,-0.0467476,0,0.00246721,-0.0466824,0.998907,0,-0.148958,0.930971,0.0668226,1]],"boneNames":["mixamorig:LeftFoot","mixamorig:LeftToeBase","mixamorig:LeftLeg","mixamorig:LeftUpLeg","mixamorig:RightToeBase","mixamorig:RightFoot","mixamorig:RightLeg","mixamorig:RightUpLeg"]},{"inverseBindMatrices":[[1,-0,-0,0,-0,1,6.12323e-17,0,0,-6.12323e-17,1,0,0.000566572,-1.53253,0.0152785,1],[0.0342384,0.961402,-0.273009,0,-0.0483706,-0.271255,-0.961291,0,-0.998242,0.0461187,0.0372163,0,0.00803578,-0.372133,1.55082,1],[0.0342384,0.979375,-0.199128,0,-0.0483706,-0.197387,-0.979132,0,-0.998242,0.0431558,0.0406148,0,0.00803114,-0.519778,1.51569,1],[0.0342384,0.996257,-0.0793707,0,-0.0483706,-0.0776723,-0.995805,0,-0.998242,0.0379339,0.0455302,0,0.00803067,-0.635477,1.44786,1],[0.0480727,0.970252,-0.237277,0,-0.0490416,-0.234972,-0.970764,0,-0.997639,0.0583037,0.036287,0,0.0235642,-0.428009,1.53226,1],[0.0480727,0.948752,-0.312343,0,-0.0490416,-0.310085,-0.949443,0,-0.997639,0.0609601,0.0316217,0,0.023565,-0.334648,1.56318,1],[0.0480727,0.996422,-0.0695187,0,-0.0490416,-0.0671607,-0.996536,0,-0.997639,0.0513155,0.0456376,0,0.0235637,-0.650342,1.43764,1],[0.062081,0.996797,-0.0504229,0,-0.0497119,-0.0473694,-0.99764,0,-0.996832,0.0644411,0.046612,0,-0.0195782,-0.584595,1.42651,1],[-0.0323454,0.996271,-0.0799858,0,-0.0450156,-0.0813986,-0.995665,0,-0.998462,-0.0286045,0.0474806,0,0.0333925,-0.635138,1.4474,1],[-0.0323454,0.951746,-0.305179,0,-0.0450156,-0.306416,-0.950833,0,-0.998462,-0.0170172,0.0527545,0,0.0334311,-0.314874,1.5604,1],[-0.0330957,0.999438,-0.005293,0,-0.0449766,-0.00677986,-0.998965,0,-0.99844,-0.0328233,0.0451757,0,0.0132983,-0.735347,1.39243,1],[-0.0330957,0.974324,-0.222706,0,-0.0449766,-0.224054,-0.973538,0,-0.99844,-0.0222033,0.051237,0,0.0133477,-0.439187,1.52458,1],[-0.0330957,0.903758,-0.426763,0,-0.0449766,-0.427911,-0.902701,0,-0.99844,-0.0106812,0.05481,0,0.0133445,-0.122418,1.58793,1],[-0.0323454,0.965983,-0.256576,0,-0.0450156,-0.257858,-0.965134,0,-0.998462,-0.0196677,0.0518248,0,0.0334017,-0.420454,1.54108,1],[0.57324,0.766085,-0.290707,0,-0.0671277,-0.309685,-0.948467,0,-0.816633,0.563213,-0.126098,0,-0.313847,-0.0856795,1.50719,1],[0.0284303,0.998343,0.0500269,0,-0.0286481,0.0508403,-0.998296,0,-0.999185,0.0269487,0.030046,0,-0.0269946,-0.458523,1.36075,1],[0.57324,0.735431,-0.3613,0,-0.0671277,-0.397307,-0.915227,0,-0.816633,0.548898,-0.178384,0,-0.307458,0.0224119,1.51175,1],[0.57324,0.746681,-0.337437,0,-0.0671277,-0.367637,-0.927544,0,-0.816633,0.554356,-0.160621,0,-0.308326,-0.0571146,1.5107,1],[-0.0823827,0.992838,-0.0865259,0,-0.0189481,-0.0883657,-0.995908,0,-0.996421,-0.0804061,0.0260922,0,0.00303116,-0.0529975,1.41055,1],[0.0500957,-0.956456,0.287545,0,0.0361463,-0.285981,-0.957553,0,0.99809,0.0583629,0.020246,0,0.0204317,-0.370714,1.55468,1],[0.0500957,-0.960889,0.272366,0,0.0361463,-0.270785,-0.961961,0,0.99809,0.0580351,0.0211674,0,0.0204297,-0.363306,1.54861,1],[0.0500957,-0.99798,0.0390803,0,0.0361463,-0.0372921,-0.99865,0,0.99809,0.0514407,0.0342051,0,0.0204272,-0.684896,1.41998,1],[0.081235,-0.967322,0.240184,0,0.0376915,-0.237827,-0.970576,0,0.995982,0.0878977,0.01714,0,0.0170509,-0.441332,1.53218,1],[0.081235,-0.965273,0.248293,0,0.0376915,-0.245963,-0.968546,0,0.995982,0.0880384,0.0164017,0,0.0170603,-0.400374,1.53583,1],[0.081235,-0.995466,0.0494801,0,0.0376915,-0.0465404,-0.998205,0,0.995982,0.0829542,0.0337399,0,0.0170437,-0.669973,1.4242,1],[0.0101589,-0.998606,0.0517983,0,0.0341166,-0.0514246,-0.998094,0,0.999366,0.0119067,0.0335466,0,0.00288039,-0.583852,1.42732,1],[-0.00890167,-0.995615,0.0931226,0,0.0331289,-0.0933688,-0.99508,0,0.999411,-0.00577282,0.0338148,0,0.00128987,-0.607986,1.45564,1],[-0.00890167,-0.949653,0.313176,0,0.0331289,-0.313297,-0.949077,0,0.999411,0.00192683,0.0342499,0,0.00126878,-0.29467,1.56091,1],[-0.00890167,-0.95708,0.289687,0,0.0331289,-0.289822,-0.956507,0,0.999411,0.00108253,0.0342869,0,0.0012916,-0.36054,1.5525,1],[-0.0366018,-0.999122,0.020397,0,0.0316718,-0.0215602,-0.999266,0,0.998828,-0.0359289,0.0324331,0,0.0031115,-0.708901,1.40371,1],[-0.0366018,-0.960479,0.275934,0,0.0316718,-0.277095,-0.96032,0,0.998828,-0.0264102,0.0405623,0,0.00306989,-0.350239,1.5452,1],[-0.0366018,-0.980359,0.193795,0,0.0316718,-0.194966,-0.980299,0,0.998828,-0.0297429,0.0381858,0,0.00310217,-0.500091,1.50834,1],[0.0479921,-0.997619,-0.0495348,0,0.0255811,0.0508033,-0.998381,0,0.99852,0.0466472,0.0279584,0,0.0396023,-0.458193,1.3609,1],[0.591927,-0.744744,0.308186,0,0.0577397,-0.342204,-0.93785,0,0.803921,0.572933,-0.159559,0,0.335383,-0.0254297,1.5033,1],[0.591927,-0.71955,0.363139,0,0.0577397,-0.411535,-0.909563,0,0.803921,0.559362,-0.202052,0,0.328812,0.0566599,1.50328,1],[-0.0913016,-0.992041,0.0867158,0,0.013394,-0.0882949,-0.996004,0,0.995733,-0.0897754,0.0213489,0,0.00172953,-0.0543182,1.4106,1],[0.591927,-0.736345,0.327749,0,0.0577397,-0.366855,-0.928485,0,0.803921,0.568519,-0.174635,0,0.330835,-0.0462872,1.50281,1],[-0.996955,0.0275145,-0.0729702,0,-0.0737808,-0.635861,0.768269,0,-0.0252604,0.771313,0.635955,0,0.157102,0.0942281,-0.00423404,1],[-0.990083,0.11122,0.0858219,0,0.089003,0.02395,0.995743,0,0.108692,0.993507,-0.0336115,0,0.152719,-0.0371785,-0.0168083,1],[-0.997173,0.0751264,0.00129767,0,-0.075077,-0.995528,-0.0573375,0,-0.00301569,-0.0572729,0.998354,0,0.158701,0.481257,0.0699966,1],[-0.998606,0.0527924,-2.27826e-10,0,-0.0527499,-0.997801,-0.0401356,0,-0.00211886,-0.0400797,0.999194,0,0.14786,0.931408,0.0616746,1],[-0.0170461,0.950111,-0.311447,0,-0.0405054,-0.311893,-0.949253,0,-0.999034,-0.00356577,0.0438012,0,0.0216867,0.394875,1.38524,1],[1,-0,-0,0,-0,0.999191,0.0402242,0,0,-0.0402242,0.999191,0,0.000566572,-1.31868,-0.0213206,1],[-0.989522,-0.110505,-0.0929252,0,-0.0961052,0.0237957,0.995087,0,-0.107751,0.993591,-0.0341665,0,-0.153668,-0.0378723,-0.0179901,1],[-0.996997,-0.0265108,0.0727543,0,0.0737139,-0.612659,0.786902,0,0.0237121,0.789903,0.612774,0,-0.158223,0.0975663,-0.00422134,1],[-0.997175,-0.075096,-0.00130255,0,0.0750252,-0.995125,-0.0640152,0,0.00351108,-0.0639321,0.997948,0,-0.159778,0.480576,0.0751683,1],[-0.998606,-0.0527773,2.14065e-11,0,0.0527196,-0.997515,-0.0467476,0,0.00246721,-0.0466824,0.998907,0,-0.148958,0.930971,0.0668226,1],[-0.00951372,-0.950111,0.311768,0,0.0404042,-0.311893,-0.949258,0,0.999138,0.00356578,0.0413558,0,-0.0215651,0.394066,1.38551,1],[1,-0,-0,0,-0,1,6.12323e-17,0,0,-6.12323e-17,1,0,0.000566572,-1.45857,0.0373793,1]],"boneNames":["mixamorig:Head","mixamorig:LeftHandMiddle2","mixamorig:LeftHandMiddle3","mixamorig:LeftHandMiddle1","mixamorig:LeftHandIndex2","mixamorig:LeftHandIndex3","mixamorig:LeftHandIndex1","mixamorig:LeftHand","mixamorig:LeftHandRing1","mixamorig:LeftHandRing2","mixamorig:LeftHandPinky1","mixamorig:LeftHandPinky2","mixamorig:LeftHandPinky3","mixamorig:LeftHandRing3","mixamorig:LeftHandThumb1","mixamorig:LeftForeArm","mixamorig:LeftHandThumb2","mixamorig:LeftHandThumb3","mixamorig:LeftArm","mixamorig:RightHandMiddle3","mixamorig:RightHandMiddle2","mixamorig:RightHandMiddle1","mixamorig:RightHandIndex3","mixamorig:RightHandIndex2","mixamorig:RightHandIndex1","mixamorig:RightHand","mixamorig:RightHandRing1","mixamorig:RightHandRing2","mixamorig:RightHandRing3","mixamorig:RightHandPinky1","mixamorig:RightHandPinky2","mixamorig:RightHandPinky3","mixamorig:RightForeArm","mixamorig:RightHandThumb1","mixamorig:RightHandThumb2","mixamorig:RightArm","mixamorig:RightHandThumb3","mixamorig:LeftFoot","mixamorig:LeftToeBase","mixamorig:LeftLeg","mixamorig:LeftUpLeg","mixamorig:LeftShoulder","mixamorig:Spine2","mixamorig:RightToeBase","mixamorig:RightFoot","mixamorig:RightLeg","mixamorig:RightUpLeg","mixamorig:RightShoulder","mixamorig:Neck"]},{"inverseBindMatrices":[[1,-0,-0,0,-0,1,6.12323e-17,0,0,-6.12323e-17,1,0,0.000566572,-1.53253,0.0152785,1]],"boneNames":["mixamorig:Head"]},{"inverseBindMatrices":[[1,-0,-0,0,-0,1,6.12323e-17,0,0,-6.12323e-17,1,0,0.000566572,-1.45857,0.0373793,1],[1,-0,-0,0,-0,1,6.12323e-17,0,0,-6.12323e-17,1,0,0.000566572,-1.53253,0.0152785,1]],"boneNames":["mixamorig:Neck","mixamorig:Head"]}],"morphs":[],"vertices":[{"position":{"type":"float32","components":3,"data":[0.00365832,1.38991,0.0745626,0.00365832,1.37719,0.0822618,0.0215383,1.38681,0.0761039,0.0147448,1.39545,0.07093,0.0283169,1.40572,0.0639769,0.036601,1.39685,0.0685405,0.0407134,1.41759,0.0543448,0.0513368,1.40953,0.0572637,0.0621956,1.42407,0.0436964,0.0508474,1.42904,0.0435378,0.0728984,1.43658,0.0286139,0.0621459,1.44343,0.027232,0.0746611,1.45885,0.00242416,0.0849631,1.45139,0.00440271,0.0833539,1.46711,-0.0227152,0.0947294,1.46066,-0.0238136,0.0849303,1.46765,-0.0352666,0.0940513,1.46207,-0.0419347,0.0734808,1.47071,-0.0495322,0.0804353,1.46194,-0.0574871,0.05885,1.45901,-0.0706709,0.0543003,1.4703,-0.0634395,0.0340673,1.45299,-0.079929,0.0321628,1.46603,-0.0731853,0.00365832,1.44736,-0.0847574,0.00459741,1.46173,-0.077833,0.00365832,1.35768,0.0949574,0.0311245,1.348,0.101335,0.0283822,1.36798,0.0882564,0.00365832,1.33792,0.107451,0.0577538,1.36419,0.088487,0.0479746,1.38074,0.0778594,0.0778069,1.38454,0.0672656,0.0649189,1.39733,0.0620131,0.00365832,1.31697,0.117554,0.0335169,1.30343,0.12157,0.03276,1.32702,0.11379,0.00365832,1.29258,0.120334,0.075676,1.32901,0.108157,0.0671435,1.34743,0.0993572,0.103174,1.35875,0.0785352,0.090656,1.37184,0.0729695,0.0932687,1.4029,0.0470493,0.0781526,1.41415,0.0449961,0.10468,1.4164,0.0299982,0.0888542,1.42666,0.0298083,0.108091,1.39106,0.048995,0.122559,1.37878,0.0511029,0.136905,1.39689,0.0310433,0.12054,1.40619,0.0300354,0.100314,1.44391,0.00395108,0.116567,1.43806,0.00156519,0.109334,1.45472,-0.0260633,0.124597,1.4504,-0.0287107,0.108354,1.45513,-0.0476322,0.124064,1.44916,-0.0512459,0.0352062,1.4169,-0.0931442,0.00365832,1.41025,-0.0954437,0.00365832,1.42918,-0.0911122,0.0352007,1.43543,-0.0875562,0.067965,1.43075,-0.0863825,0.0638203,1.4454,-0.0791542,0.0880886,1.45181,-0.067043,0.09477,1.44034,-0.0758952,0.133786,1.43426,-0.00014289,0.151607,1.43253,-0.0012264,0.140369,1.44765,-0.0312446,0.156416,1.44638,-0.0338229,0.14047,1.44447,-0.0548461,0.157328,1.44124,-0.0585301,0.107098,1.41382,-0.0888511,0.101017,1.42765,-0.0832984,0.0717244,1.41521,-0.0916551,0.0755133,1.39892,-0.0947838,0.0348229,1.39772,-0.0964649,0.034274,1.37816,-0.0976403,0.00365832,1.37118,-0.0979632,0.00365832,1.39085,-0.0977103,-0.0142224,1.38682,0.0761136,-0.00702598,1.39605,0.0731269,-0.0209459,1.4062,0.0636038,-0.0292834,1.39685,0.0685343,-0.032064,1.41703,0.0549542,-0.0440167,1.40952,0.0572501,-0.043682,1.42975,0.0429158,-0.0548696,1.42405,0.0436702,-0.0550582,1.44292,0.0275441,-0.0655652,1.43655,0.0285798,-0.0776462,1.45139,0.00440235,-0.0694003,1.45806,0.00160576,-0.0873935,1.46062,-0.0238239,-0.0777298,1.46575,-0.0217231,-0.0873935,1.46062,-0.0238239,-0.077114,1.46798,-0.0354999,-0.0867114,1.46202,-0.0419252,-0.0777298,1.46575,-0.0217231,-0.0661951,1.47102,-0.0490963,-0.0730872,1.46188,-0.0574404,-0.0514728,1.45888,-0.0704946,-0.0460636,1.4708,-0.0635315,-0.026738,1.45296,-0.0798466,-0.0243943,1.46959,-0.0713122,-0.0210657,1.36798,0.0882614,-0.023808,1.348,0.10133,-0.0504372,1.36419,0.0884877,-0.0406588,1.38074,0.0778651,-0.0704907,1.38454,0.0672668,-0.0576017,1.39733,0.0620112,-0.0254426,1.32702,0.113801,-0.0262003,1.30343,0.12157,-0.0683593,1.32901,0.108157,-0.0598267,1.34743,0.0993566,-0.095857,1.35875,0.0785352,-0.083348,1.37186,0.0729929,-0.0859463,1.40289,0.0470363,-0.0708324,1.41414,0.0449874,-0.0973556,1.41639,0.0299806,-0.0815252,1.42664,0.0297828,-0.10078,1.39107,0.0490072,-0.129589,1.39689,0.0310433,-0.115242,1.37878,0.0511029,-0.113222,1.40618,0.030032,-0.0929909,1.44389,0.00394072,-0.109251,1.43806,0.00156668,-0.102017,1.45472,-0.0260633,-0.117287,1.45042,-0.0287064,-0.102017,1.45472,-0.0260633,-0.101044,1.45515,-0.0476386,-0.117287,1.45042,-0.0287064,-0.116758,1.4492,-0.0512639,-0.027889,1.43544,-0.087598,-0.0278956,1.41692,-0.0932362,-0.0564103,1.44519,-0.0787565,-0.0605929,1.43057,-0.0859571,-0.0806825,1.45159,-0.0668182,-0.0873931,1.44013,-0.0756378,-0.126475,1.43428,-0.00013044,-0.133066,1.4477,-0.0312362,-0.14429,1.43253,-0.0012264,-0.1491,1.44638,-0.0338229,-0.133066,1.4477,-0.0312362,-0.133159,1.4445,-0.0548591,-0.1491,1.44638,-0.0338229,-0.150011,1.44124,-0.0585301,-0.0997809,1.41382,-0.0888511,-0.0936683,1.42748,-0.083055,-0.0644013,1.41514,-0.0914832,-0.0681967,1.39892,-0.0947838,-0.0275086,1.39776,-0.0966553,-0.0269574,1.37816,-0.0976403,0.0215003,1.38628,0.0752599,0.00364926,1.38943,0.073686,0.0147202,1.39493,0.0700809,0.00365812,1.37666,0.0814172,0.0282057,1.40519,0.0631388,0.0364792,1.39631,0.0677102,0.0405279,1.41704,0.053525,0.0511299,1.40898,0.0564536,0.0506045,1.42844,0.0427688,0.0619199,1.42349,0.0429343,0.0618179,1.44277,0.0265571,0.0725542,1.43593,0.0279403,0.0742274,1.45811,0.00190867,0.0845532,1.45064,0.00387552,0.0828604,1.46628,-0.0229972,0.0942779,1.4598,-0.0240637,0.0844368,1.46678,-0.0351705,0.0936493,1.46117,-0.0417476,0.0729999,1.46994,-0.0491075,0.0800302,1.46117,-0.0569982,0.0586024,1.45842,-0.0699041,0.0540022,1.46968,-0.0627197,0.0339472,1.45255,-0.0790428,0.0320119,1.46553,-0.0723274,0.00459774,1.46128,-0.0769369,0.00365965,1.44697,-0.0838363,-0.0141582,1.38632,0.0752504,-0.00692047,1.39567,0.0722078,-0.0208011,1.40568,0.0627649,-0.0291628,1.3963,0.0677049,-0.0318836,1.41649,0.0541312,-0.0438108,1.40897,0.0564407,-0.043438,1.42916,0.0421483,-0.0545937,1.42347,0.0429081,-0.0547301,1.44226,0.0268693,-0.0652217,1.43589,0.0279079,-0.0689711,1.45732,0.00109382,-0.0772428,1.45064,0.00387106,-0.0772347,1.46493,-0.0220139,-0.0869408,1.45977,-0.0240711,-0.0772347,1.46493,-0.0220139,-0.0869408,1.45977,-0.0240711,-0.0766168,1.46712,-0.0353878,-0.0863061,1.46112,-0.0417344,-0.0657051,1.47026,-0.048669,-0.0726775,1.46112,-0.0569418,-0.0512175,1.45831,-0.0697193,-0.0457581,1.47019,-0.0628005,-0.026613,1.45251,-0.0789615,-0.0242381,1.46911,-0.0704526,0.00365812,1.37666,0.0814172,0.0215003,1.38628,0.0752599,0.00366737,1.43387,0.000110561,0.0364792,1.39631,0.0677102,0.0511299,1.40898,0.0564536,0.0619199,1.42349,0.0429343,0.0725542,1.43593,0.0279403,0.0845532,1.45064,0.00387552,0.0942779,1.4598,-0.0240637,0.0936493,1.46117,-0.0417476,0.0800302,1.46117,-0.0569982,0.0586024,1.45842,-0.0699041,0.0339472,1.45255,-0.0790428,0.00365965,1.44697,-0.0838363,-0.0141582,1.38632,0.0752504,-0.0291628,1.3963,0.0677049,-0.0438108,1.40897,0.0564407,-0.0545937,1.42347,0.0429081,-0.0652217,1.43589,0.0279079,-0.0772428,1.45064,0.00387106,-0.0869408,1.45977,-0.0240711,-0.0863061,1.46112,-0.0417344,-0.0726775,1.46112,-0.0569418,-0.0512175,1.45831,-0.0697193,-0.026613,1.45251,-0.0789615]},"normal":{"type":"float32","components":3,"data":[0.091405,0.89832,0.429728,0.000306,0.536673,0.84379,0.03125,0.541504,0.840117,-0.388141,0.855881,0.341782,-0.421059,0.807504,0.413094,0.109448,0.544981,0.831275,-0.406646,0.792256,0.454939,0.203166,0.550196,0.809943,0.274386,0.590261,0.759147,-0.394484,0.796303,0.458567,0.344046,0.654829,0.672928,-0.340484,0.840349,0.421762,-0.250917,0.915344,0.314939,0.408561,0.746902,0.52461,-0.193579,0.970383,0.144514,0.444555,0.86242,0.242079,-0.03561,0.98573,0.164523,0.408526,0.90254,-0.136116,0.031238,0.996765,0.0740482,0.376079,0.769318,-0.516443,0.263104,0.585302,-0.766941,-0.000566,0.983088,-0.183135,0.143947,0.434969,-0.888865,-0.048708,0.935212,-0.350721,-0.00232,0.375284,-0.926907,0.037916,0.898302,-0.437739,0.000116,0.53831,0.842747,0.041307,0.529899,0.847054,0.041108,0.550945,0.833528,-0.000101,0.472237,0.881472,0.126484,0.58808,0.798852,0.120935,0.573901,0.809945,0.25628,0.58861,0.76672,0.236275,0.566002,0.78982,0.000199,0.241718,0.970347,-0.059135,0.310982,0.948574,0.06359,0.40709,0.911172,0,0.11325,0.993566,0.123471,0.473741,0.871966,0.175522,0.540782,0.822646,0.284784,0.592658,0.753429,0.282386,0.603346,0.745809,0.347264,0.578183,0.738317,0.313224,0.579085,0.752696,0.391202,0.612868,0.686552,0.372722,0.632188,0.679276,0.376643,0.578835,0.723249,0.377403,0.569925,0.729899,0.287083,0.587185,0.756833,0.343361,0.609386,0.714669,0.371078,0.764737,0.526762,0.293503,0.784304,0.546556,0.34622,0.91358,0.213315,0.24608,0.9507,0.188715,0.323083,0.920642,-0.219172,0.234494,0.928664,-0.287394,0.066167,0.224828,-0.972149,0.001495,0.162411,-0.986722,0.000695,0.269557,-0.962984,0.098176,0.34121,-0.934846,0.112336,0.404879,-0.907443,0.171281,0.520021,-0.836804,0.288746,0.722816,-0.627823,0.238692,0.624555,-0.743611,0.171425,0.799603,0.575542,0.11363,0.813593,0.570223,0.146611,0.977544,0.151371,0.088065,0.994349,0.0592812,0.130238,0.923519,-0.360764,0.083575,0.906591,-0.413652,0.118242,0.41448,-0.902344,0.198204,0.501057,-0.842411,0.076439,0.271993,-0.959258,0.022255,0.193624,-0.980823,0.048065,0.11011,-0.992756,0.012641,0.0596242,-0.998141,0,0.0128582,-0.999917,0.003081,0.0573192,-0.998351,-0.082616,0.480655,0.873009,0.300174,0.785585,0.541065,0.407094,0.822609,0.396973,-0.108204,0.546575,0.83039,0.41115,0.791086,0.452922,-0.202199,0.552492,0.808621,0.387323,0.80702,0.445758,-0.274909,0.5894,0.759627,0.328634,0.855369,0.40043,-0.343793,0.655268,0.672629,-0.401884,0.748236,0.527856,0.245167,0.923985,0.293505,-0.441674,0.865705,0.235541,0.169155,0.95968,0.224501,-0.441674,0.865705,0.235541,0.047171,0.973851,0.222235,-0.41113,0.901267,-0.13671,0.169155,0.95968,0.224501,-0.045352,0.99638,0.0718982,-0.378597,0.761879,-0.525552,-0.271375,0.570559,-0.775124,-0.062902,0.979178,-0.193015,-0.147209,0.436618,-0.887521,0.056103,0.946822,-0.31683,-0.041205,0.55065,0.833719,-0.041164,0.530044,0.846971,-0.126516,0.587938,0.798951,-0.120971,0.574054,0.809832,-0.255749,0.589256,0.766401,-0.236114,0.566441,0.789554,-0.06355,0.407156,0.911145,0.058921,0.310534,0.948734,-0.123441,0.473773,0.871953,-0.175284,0.540703,0.822749,-0.286114,0.591695,0.753682,-0.282326,0.603239,0.745919,-0.346889,0.578863,0.73796,-0.313199,0.579783,0.752169,-0.390406,0.613224,0.686687,-0.37227,0.632741,0.67901,-0.3766,0.579404,0.722817,-0.286866,0.587303,0.756824,-0.378094,0.569391,0.729958,-0.342863,0.609766,0.714584,-0.370916,0.764494,0.527229,-0.29236,0.7844,0.54703,-0.344279,0.914147,0.214024,-0.244409,0.951001,0.18937,-0.344279,0.914147,0.214024,-0.31889,0.920927,-0.224059,-0.244409,0.951001,0.18937,-0.233203,0.927543,-0.292027,-0.104608,0.345552,-0.932551,-0.071732,0.22856,-0.970883,-0.179236,0.515139,-0.838156,-0.11412,0.412849,-0.903622,-0.285541,0.71692,-0.635997,-0.232231,0.624068,-0.746062,-0.171485,0.799107,0.576212,-0.147444,0.977417,0.151382,-0.114787,0.813345,0.570345,-0.091541,0.994024,0.0594632,-0.147444,0.977417,0.151382,-0.130339,0.92178,-0.365148,-0.091541,0.994024,0.0594632,-0.085056,0.906215,-0.414174,-0.108843,0.429266,-0.896596,-0.19174,0.509025,-0.839124,-0.076489,0.285473,-0.955329,-0.017324,0.203283,-0.978967,-0.051204,0.107214,-0.992916,-0.015927,0.0497341,-0.998635,-0.578091,0.544821,-0.607438,-0.106664,0.0302142,-0.993836,-0.425956,0.0870981,-0.900542,0.000839,0.758499,-0.651673,-0.574713,0.0616571,-0.816029,-0.694081,0.478438,-0.537911,-0.688722,0.0254421,-0.724579,-0.816621,0.391696,-0.423915,-0.760361,-0.0293959,-0.648835,-0.884336,0.289215,-0.366475,-0.836138,-0.0688779,-0.544178,-0.896397,0.279997,-0.343618,-0.904315,-0.0909009,-0.417074,-0.918365,0.217237,-0.330779,-0.952783,-0.152197,-0.262754,-0.986902,0.093408,-0.131527,-0.920964,-0.345344,0.180453,-0.913437,0.0694829,0.401006,-0.683401,-0.0534291,0.728085,-0.634719,0.16582,0.754742,-0.451901,0.294545,0.842039,-0.503191,0.159661,0.849298,-0.306557,0.40661,0.860634,-0.324382,0.276429,0.904634,0.038084,0.256668,0.965749,0.002316,0.49764,0.86738,0.588037,0.599428,-0.543046,0.504784,0.296215,-0.810833,0.605634,0.0353391,-0.794958,0.692288,0.478845,-0.539857,0.685016,0.0317211,-0.727837,0.818763,0.388049,-0.423136,0.753634,-0.0158969,-0.657102,0.88241,0.293148,-0.367991,0.823613,-0.0504339,-0.564905,0.897429,0.279426,-0.341382,0.894226,-0.10015,-0.436268,0.913182,0.216107,-0.345537,0.958681,-0.198949,-0.203347,0.989371,0.088118,-0.115674,0.958681,-0.198949,-0.203347,0.989371,0.088118,-0.115674,0.914447,-0.302061,0.269343,0.914561,0.0754249,0.397353,0.681733,-0.0427421,0.730352,0.630657,0.169241,0.757383,0.454904,0.30718,0.835884,0.455403,0.161616,0.875493,0.308612,0.407923,0.859277,0.316271,0.322681,0.892104,0.000839,0.758499,-0.651673,-0.578091,0.544821,-0.607438,-0.000241,0.930366,0.366631,-0.694081,0.478438,-0.537911,-0.816621,0.391696,-0.423915,-0.884336,0.289215,-0.366475,-0.896397,0.279997,-0.343618,-0.918365,0.217237,-0.330779,-0.986902,0.093408,-0.131527,-0.913437,0.0694829,0.401006,-0.634719,0.16582,0.754742,-0.451901,0.294545,0.842039,-0.306557,0.40661,0.860634,0.002316,0.49764,0.86738,0.588037,0.599428,-0.543046,0.692288,0.478845,-0.539857,0.818763,0.388049,-0.423136,0.88241,0.293148,-0.367991,0.897429,0.279426,-0.341382,0.913182,0.216107,-0.345537,0.989371,0.088118,-0.115674,0.914561,0.0754249,0.397353,0.630657,0.169241,0.757383,0.454904,0.30718,0.835884,0.308612,0.407923,0.859277]},"blendIndices":{"type":"uint8","components":4,"data":[0,0,0,0,0,0,0,0,0,0,0,0,0,0,0,0,0,0,0,0,0,0,0,0,0,0,0,0,0,0,0,0,0,0,0,0,0,0,0,0,0,1,0,0,0,1,0,0,0,1,0,0,0,1,0,0,0,1,2,0,0,1,2,0,0,1,2,0,0,1,2,0,0,1,0,0,0,1,2,0,0,1,0,0,0,0,0,0,0,0,0,0,0,3,0,0,0,0,0,0,0,3,0,0,0,0,0,0,0,0,0,0,0,0,0,0,0,0,0,0,0,0,0,0,0,0,0,0,0,1,0,0,0,0,0,0,0,5,0,0,0,5,0,0,0,0,0,0,0,5,4,0,0,0,0,0,0,0,0,0,0,1,0,0,0,1,2,0,0,1,2,0,0,1,0,0,0,1,2,0,0,1,2,0,0,1,2,0,0,1,2,0,1,0,2,0,0,1,2,0,0,1,2,0,1,0,2,0,1,0,2,0,1,0,2,0,0,1,2,0,1,0,2,0,0,0,0,0,0,0,0,0,0,0,0,0,0,0,0,0,0,1,0,0,0,1,0,0,0,1,2,0,0,1,2,0,1,0,2,0,1,0,2,0,1,0,2,0,1,2,0,0,1,0,2,0,1,2,0,0,0,1,2,0,0,1,2,0,0,1,0,0,0,1,0,0,0,0,0,0,0,0,0,0,0,0,0,0,0,0,0,0,0,0,0,0,0,0,0,0,0,0,0,0,0,0,0,0,0,0,0,0,0,0,0,0,0,0,0,0,0,6,0,0,0,0,0,0,0,6,0,0,0,6,0,0,0,6,0,0,0,6,7,0,0,6,0,0,0,6,7,0,0,6,0,0,0,6,7,0,0,6,0,0,0,6,0,0,0,6,0,0,0,0,0,0,0,3,0,0,0,0,0,0,0,3,0,0,0,0,0,0,0,0,0,0,0,0,0,0,0,0,0,0,0,6,0,0,0,0,0,0,0,0,0,0,0,5,0,0,0,0,0,0,0,0,0,0,0,6,0,0,0,6,0,0,0,6,7,0,0,6,0,0,0,6,7,0,0,6,7,0,0,6,7,0,0,6,7,0,0,6,7,0,0,6,7,0,0,6,7,0,0,6,7,0,0,6,7,0,0,6,7,0,0,6,7,0,0,6,7,0,0,6,7,0,0,6,7,0,0,0,0,0,0,0,0,0,0,6,0,0,0,6,0,0,0,6,7,0,0,6,7,0,0,6,7,0,0,6,7,0,6,0,7,0,6,0,7,0,0,6,7,0,0,6,7,0,6,0,7,0,6,0,7,0,0,6,7,0,0,6,7,0,0,6,0,0,0,0,0,0,0,0,0,0,0,0,0,0,0,0,0,0,0,0,0,0,0,0,0,0,0,0,0,0,0,0,0,0,0,0,0,0,0,0,0,0,0,0,0,0,0,0,0,0,0,0,0,0,0,1,0,0,0,1,0,0,0,1,0,0,0,1,0,0,0,1,2,0,0,1,2,0,0,1,2,0,0,1,2,0,0,1,0,0,0,1,2,0,0,1,0,0,0,0